The value of m is: 12
The value of p is: 5
The value of len is: {1, 5}
The value of arr is: {1, 0}
The column indices of 1 * 2 tiles are: {5i+3, 5i+6} for 0<=i<=m-1.
13 1 1 25 20 13 25 44 12 12 47 20 
37 1 1 40 21 14 2 2 26 21 14 26 
3 27 22 15 27 42 2 2 45 22 15 3 
3 38 23 16 4 4 28 23 16 28 47 3 
24 17 29 40 4 4 43 24 17 5 5 29 
13 18 6 6 30 13 18 30 45 5 5 48 
31 38 6 6 41 14 19 7 7 31 14 19 
8 8 32 15 20 32 43 7 7 46 15 20 
8 8 39 16 21 9 9 33 16 21 33 48 
34 17 22 34 41 9 9 44 17 22 10 10 
37 18 23 11 11 35 18 23 35 46 10 10 
24 36 39 11 11 42 19 24 12 12 36 19 

The value of m is: 12
The value of p is: 5
The value of len is: {1, 5}
The value of arr is: {1, 0}
The column indices of 1 * 2 tiles are: {5i+3, 5i+7} for 0<=i<=m-1.
13 1 1 25 20 13 43 25 12 12 47 20 
26 1 1 40 21 14 2 2 26 21 14 48 
3 27 22 15 41 27 2 2 45 22 15 3 
3 38 23 16 4 4 28 23 16 46 28 3 
24 17 39 29 4 4 43 24 17 5 5 29 
13 18 6 6 30 13 18 44 30 5 5 48 
37 31 6 6 41 14 19 7 7 31 14 19 
8 8 32 15 20 42 32 7 7 46 15 20 
8 8 39 16 21 9 9 33 16 21 47 33 
34 17 22 40 34 9 9 44 17 22 10 10 
37 18 23 11 11 35 18 23 45 35 10 10 
24 38 36 11 11 42 19 24 12 12 36 19 

The value of m is: 12
The value of p is: 5
The value of len is: {1, 5}
The value of arr is: {1, 0}
The column indices of 1 * 2 tiles are: {5i+6, 5i+10} for 0<=i<=m-1.
13 1 1 40 20 13 25 44 12 12 25 20 
37 1 1 26 21 14 2 2 45 21 14 26 
3 38 22 15 27 42 2 2 27 22 15 3 
3 28 23 16 4 4 43 23 16 28 47 3 
24 17 29 40 4 4 29 24 17 5 5 48 
13 18 6 6 41 13 18 30 45 5 5 30 
31 38 6 6 31 14 19 7 7 46 14 19 
8 8 39 15 20 32 43 7 7 32 15 20 
8 8 33 16 21 9 9 44 16 21 33 48 
37 17 22 34 41 9 9 34 17 22 10 10 
35 18 23 11 11 42 18 23 35 46 10 10 
24 36 39 11 11 36 19 24 12 12 47 19 

The value of m is: 12
The value of p is: 5
The value of len is: {1, 5}
The value of arr is: {1, 0}
The column indices of 1 * 2 tiles are: {5i+7, 5i+10} for 0<=i<=m-1.
13 1 1 40 20 13 43 25 12 12 25 20 
26 1 1 26 21 14 2 2 45 21 14 48 
3 38 22 15 41 27 2 2 27 22 15 3 
3 28 23 16 4 4 43 23 16 46 28 3 
24 17 39 29 4 4 29 24 17 5 5 48 
13 18 6 6 41 13 18 44 30 5 5 30 
37 31 6 6 31 14 19 7 7 46 14 19 
8 8 39 15 20 42 32 7 7 32 15 20 
8 8 33 16 21 9 9 44 16 21 47 33 
37 17 22 40 34 9 9 34 17 22 10 10 
35 18 23 11 11 42 18 23 45 35 10 10 
24 38 36 11 11 36 19 24 12 12 47 19 

The value of m is: 12
The value of p is: 5
The value of len is: {1, 5}
The value of arr is: {0, 5}
The column indices of 1 * 2 tiles are: {5i+2, 5i+6} for 0<=i<=m-1.
1 1 25 40 20 13 25 12 12 20 13 48 
1 1 21 14 41 2 2 26 45 21 14 26 
27 38 22 15 27 2 2 22 15 46 3 3 
23 16 39 4 4 28 43 23 16 28 3 3 
24 17 29 4 4 24 17 44 5 5 29 48 
37 6 6 30 41 13 18 30 5 5 13 18 
31 6 6 14 19 42 7 7 31 46 14 19 
8 32 39 15 20 32 7 7 15 20 47 8 
8 16 21 40 9 9 33 44 16 21 33 8 
37 17 22 34 9 9 17 22 45 10 10 34 
23 38 11 11 35 42 18 23 35 10 10 18 
24 36 11 11 19 24 43 12 12 36 47 19 

The value of m is: 12
The value of p is: 5
The value of len is: {1, 5}
The value of arr is: {0, 5}
The column indices of 1 * 2 tiles are: {5i+2, 5i+11} for 0<=i<=m-1.
1 1 25 40 20 13 43 12 12 20 13 25 
1 1 21 14 26 2 2 26 45 21 14 48 
27 38 22 15 41 2 2 22 15 27 3 3 
23 16 28 4 4 28 43 23 16 46 3 3 
24 17 39 4 4 24 17 29 5 5 29 48 
30 6 6 30 41 13 18 44 5 5 13 18 
37 6 6 14 19 31 7 7 31 46 14 19 
8 32 39 15 20 42 7 7 15 20 32 8 
8 16 21 33 9 9 33 44 16 21 47 8 
37 17 22 40 9 9 17 22 34 10 10 34 
23 35 11 11 35 42 18 23 45 10 10 18 
24 38 11 11 19 24 36 12 12 36 47 19 

The value of m is: 12
The value of p is: 5
The value of len is: {1, 5}
The value of arr is: {0, 5}
The column indices of 1 * 2 tiles are: {5i+3, 5i+6} for 0<=i<=m-1.
1 1 39 25 20 13 25 12 12 20 13 48 
1 1 21 14 41 2 2 44 26 21 14 26 
37 27 22 15 27 2 2 22 15 46 3 3 
23 16 39 4 4 42 28 23 16 28 3 3 
24 17 29 4 4 24 17 44 5 5 47 29 
37 6 6 40 30 13 18 30 5 5 13 18 
31 6 6 14 19 42 7 7 45 31 14 19 
8 38 32 15 20 32 7 7 15 20 47 8 
8 16 21 40 9 9 43 33 16 21 33 8 
34 17 22 34 9 9 17 22 45 10 10 48 
23 38 11 11 41 35 18 23 35 10 10 18 
24 36 11 11 19 24 43 12 12 46 36 19 

The value of m is: 12
The value of p is: 5
The value of len is: {1, 5}
The value of arr is: {0, 5}
The column indices of 1 * 2 tiles are: {5i+3, 5i+11} for 0<=i<=m-1.
1 1 39 25 20 13 43 12 12 20 13 25 
1 1 21 14 26 2 2 44 26 21 14 48 
37 27 22 15 41 2 2 22 15 27 3 3 
23 16 28 4 4 42 28 23 16 46 3 3 
24 17 39 4 4 24 17 29 5 5 47 29 
30 6 6 40 30 13 18 44 5 5 13 18 
37 6 6 14 19 31 7 7 45 31 14 19 
8 38 32 15 20 42 7 7 15 20 32 8 
8 16 21 33 9 9 43 33 16 21 47 8 
34 17 22 40 9 9 17 22 34 10 10 48 
23 35 11 11 41 35 18 23 45 10 10 18 
24 38 11 11 19 24 36 12 12 46 36 19 

The value of m is: 12
The value of p is: 5
The value of len is: {1, 5}
The value of arr is: {7, 0}
The column indices of 1 * 2 tiles are: {5i+1, 5i+9} for 0<=i<=m-1.
13 25 12 12 20 13 43 1 1 25 47 20 
2 2 26 40 21 14 26 1 1 21 14 48 
2 2 22 15 41 3 3 27 45 22 15 27 
28 38 23 16 28 3 3 23 16 46 4 4 
24 17 39 5 5 29 43 24 17 29 4 4 
13 18 30 5 5 13 18 44 6 6 30 48 
37 7 7 31 41 14 19 31 6 6 14 19 
32 7 7 15 20 42 8 8 32 46 15 20 
9 33 39 16 21 33 8 8 16 21 47 9 
9 17 22 40 10 10 34 44 17 22 34 9 
37 18 23 35 10 10 18 23 45 11 11 35 
24 38 12 12 36 42 19 24 36 11 11 19 

The value of m is: 12
The value of p is: 5
The value of len is: {1, 5}
The value of arr is: {7, 0}
The column indices of 1 * 2 tiles are: {5i+1, 5i+10} for 0<=i<=m-1.
13 25 12 12 20 13 43 1 1 46 25 20 
2 2 39 26 21 14 26 1 1 21 14 48 
2 2 22 15 41 3 3 44 27 22 15 27 
37 28 23 16 28 3 3 23 16 46 4 4 
24 17 39 5 5 42 29 24 17 29 4 4 
13 18 30 5 5 13 18 44 6 6 47 30 
37 7 7 40 31 14 19 31 6 6 14 19 
32 7 7 15 20 42 8 8 45 32 15 20 
9 38 33 16 21 33 8 8 16 21 47 9 
9 17 22 40 10 10 43 34 17 22 34 9 
35 18 23 35 10 10 18 23 45 11 11 48 
24 38 12 12 41 36 19 24 36 11 11 19 

The value of m is: 12
The value of p is: 5
The value of len is: {1, 5}
The value of arr is: {7, 0}
The column indices of 1 * 2 tiles are: {5i+6, 5i+9} for 0<=i<=m-1.
13 38 12 12 20 13 25 1 1 25 47 20 
2 2 26 40 21 14 43 1 1 21 14 26 
2 2 22 15 27 3 3 27 45 22 15 48 
28 38 23 16 41 3 3 23 16 28 4 4 
24 17 29 5 5 29 43 24 17 46 4 4 
13 18 39 5 5 13 18 30 6 6 30 48 
31 7 7 31 41 14 19 44 6 6 14 19 
37 7 7 15 20 32 8 8 32 46 15 20 
9 33 39 16 21 42 8 8 16 21 33 9 
9 17 22 34 10 10 34 44 17 22 47 9 
37 18 23 40 10 10 18 23 35 11 11 35 
24 36 12 12 36 42 19 24 45 11 11 19 

The value of m is: 12
The value of p is: 5
The value of len is: {1, 5}
The value of arr is: {7, 0}
The column indices of 1 * 2 tiles are: {5i+6, 5i+10} for 0<=i<=m-1.
13 38 12 12 20 13 25 1 1 46 25 20 
2 2 39 26 21 14 43 1 1 21 14 26 
2 2 22 15 27 3 3 44 27 22 15 48 
37 28 23 16 41 3 3 23 16 28 4 4 
24 17 29 5 5 42 29 24 17 46 4 4 
13 18 39 5 5 13 18 30 6 6 47 30 
31 7 7 40 31 14 19 44 6 6 14 19 
37 7 7 15 20 32 8 8 45 32 15 20 
9 38 33 16 21 42 8 8 16 21 33 9 
9 17 22 34 10 10 43 34 17 22 47 9 
35 18 23 40 10 10 18 23 35 11 11 48 
24 36 12 12 41 36 19 24 45 11 11 19 

The value of m is: 12
The value of p is: 5
The value of len is: {1, 5}
The value of arr is: {0, 11}
The column indices of 1 * 2 tiles are: {5i+2, 5i+5} for 0<=i<=m-1.
1 1 25 20 13 25 43 12 12 46 20 13 
1 1 39 21 14 2 2 26 21 14 26 48 
27 22 15 27 41 2 2 44 22 15 3 3 
37 23 16 4 4 28 23 16 28 46 3 3 
17 29 39 4 4 42 24 17 5 5 29 24 
18 6 6 30 13 18 30 44 5 5 47 13 
37 6 6 40 14 19 7 7 31 14 19 31 
8 32 15 20 32 42 7 7 45 15 20 8 
8 38 16 21 9 9 33 16 21 33 47 8 
17 22 34 40 9 9 43 17 22 10 10 34 
18 23 11 11 35 18 23 35 45 10 10 48 
36 38 11 11 41 19 24 12 12 36 19 24 

The value of m is: 12
The value of p is: 5
The value of len is: {1, 5}
The value of arr is: {0, 11}
The column indices of 1 * 2 tiles are: {5i+2, 5i+6} for 0<=i<=m-1.
1 1 25 20 13 42 25 12 12 46 20 13 
1 1 39 21 14 2 2 26 21 14 47 26 
27 22 15 40 27 2 2 44 22 15 3 3 
37 23 16 4 4 28 23 16 45 28 3 3 
17 38 29 4 4 42 24 17 5 5 29 24 
18 6 6 30 13 18 43 30 5 5 47 13 
31 6 6 40 14 19 7 7 31 14 19 48 
8 32 15 20 41 32 7 7 45 15 20 8 
8 38 16 21 9 9 33 16 21 46 33 8 
17 22 39 34 9 9 43 17 22 10 10 34 
18 23 11 11 35 18 23 44 35 10 10 48 
37 36 11 11 41 19 24 12 12 36 19 24 

The value of m is: 12
The value of p is: 5
The value of len is: {1, 5}
The value of arr is: {0, 11}
The column indices of 1 * 2 tiles are: {5i+5, 5i+9} for 0<=i<=m-1.
1 1 39 20 13 25 43 12 12 25 20 13 
1 1 26 21 14 2 2 44 21 14 26 48 
37 22 15 27 41 2 2 27 22 15 3 3 
28 23 16 4 4 42 23 16 28 46 3 3 
17 29 39 4 4 29 24 17 5 5 47 24 
18 6 6 40 13 18 30 44 5 5 30 13 
37 6 6 31 14 19 7 7 45 14 19 31 
8 38 15 20 32 42 7 7 32 15 20 8 
8 33 16 21 9 9 43 16 21 33 47 8 
17 22 34 40 9 9 34 17 22 10 10 48 
18 23 11 11 41 18 23 35 45 10 10 35 
36 38 11 11 36 19 24 12 12 46 19 24 

The value of m is: 12
The value of p is: 5
The value of len is: {1, 5}
The value of arr is: {0, 11}
The column indices of 1 * 2 tiles are: {5i+6, 5i+9} for 0<=i<=m-1.
1 1 39 20 13 42 25 12 12 25 20 13 
1 1 26 21 14 2 2 44 21 14 47 26 
37 22 15 40 27 2 2 27 22 15 3 3 
28 23 16 4 4 42 23 16 45 28 3 3 
17 38 29 4 4 29 24 17 5 5 47 24 
18 6 6 40 13 18 43 30 5 5 30 13 
31 6 6 31 14 19 7 7 45 14 19 48 
8 38 15 20 41 32 7 7 32 15 20 8 
8 33 16 21 9 9 43 16 21 46 33 8 
17 22 39 34 9 9 34 17 22 10 10 48 
18 23 11 11 41 18 23 44 35 10 10 35 
37 36 11 11 36 19 24 12 12 46 19 24 

The value of m is: 12
The value of p is: 5
The value of len is: {1, 5}
The value of arr is: {2, 1}
The column indices of 1 * 2 tiles are: {5i+4, 5i+7} for 0<=i<=m-1.
20 13 1 1 25 20 13 25 45 12 12 48 
26 38 1 1 41 21 14 2 2 26 21 14 
3 3 27 22 15 27 43 2 2 46 22 15 
3 3 39 23 16 4 4 28 23 16 28 48 
29 24 17 29 41 4 4 44 24 17 5 5 
37 13 18 6 6 30 13 18 30 46 5 5 
19 31 39 6 6 42 14 19 7 7 31 14 
20 8 8 32 15 20 32 44 7 7 47 15 
37 8 8 40 16 21 9 9 33 16 21 33 
10 34 17 22 34 42 9 9 45 17 22 10 
10 38 18 23 11 11 35 18 23 35 47 10 
19 24 36 40 11 11 43 19 24 12 12 36 

The value of m is: 12
The value of p is: 5
The value of len is: {1, 5}
The value of arr is: {2, 1}
The column indices of 1 * 2 tiles are: {5i+4, 5i+8} for 0<=i<=m-1.
20 13 1 1 25 20 13 44 25 12 12 48 
37 26 1 1 41 21 14 2 2 26 21 14 
3 3 27 22 15 42 27 2 2 46 22 15 
3 3 39 23 16 4 4 28 23 16 47 28 
29 24 17 40 29 4 4 44 24 17 5 5 
37 13 18 6 6 30 13 18 45 30 5 5 
19 38 31 6 6 42 14 19 7 7 31 14 
20 8 8 32 15 20 43 32 7 7 47 15 
33 8 8 40 16 21 9 9 33 16 21 48 
10 34 17 22 41 34 9 9 45 17 22 10 
10 38 18 23 11 11 35 18 23 46 35 10 
19 24 39 36 11 11 43 19 24 12 12 36 

The value of m is: 12
The value of p is: 5
The value of len is: {1, 5}
The value of arr is: {2, 1}
The column indices of 1 * 2 tiles are: {5i+7, 5i+11} for 0<=i<=m-1.
20 13 1 1 41 20 13 25 45 12 12 25 
26 38 1 1 26 21 14 2 2 46 21 14 
3 3 39 22 15 27 43 2 2 27 22 15 
3 3 28 23 16 4 4 44 23 16 28 48 
37 24 17 29 41 4 4 29 24 17 5 5 
30 13 18 6 6 42 13 18 30 46 5 5 
19 31 39 6 6 31 14 19 7 7 47 14 
20 8 8 40 15 20 32 44 7 7 32 15 
37 8 8 33 16 21 9 9 45 16 21 33 
10 38 17 22 34 42 9 9 34 17 22 10 
10 35 18 23 11 11 43 18 23 35 47 10 
19 24 36 40 11 11 36 19 24 12 12 48 

The value of m is: 12
The value of p is: 5
The value of len is: {1, 5}
The value of arr is: {2, 1}
The column indices of 1 * 2 tiles are: {5i+8, 5i+11} for 0<=i<=m-1.
20 13 1 1 41 20 13 44 25 12 12 25 
37 26 1 1 26 21 14 2 2 46 21 14 
3 3 39 22 15 42 27 2 2 27 22 15 
3 3 28 23 16 4 4 44 23 16 47 28 
37 24 17 40 29 4 4 29 24 17 5 5 
30 13 18 6 6 42 13 18 45 30 5 5 
19 38 31 6 6 31 14 19 7 7 47 14 
20 8 8 40 15 20 43 32 7 7 32 15 
33 8 8 33 16 21 9 9 45 16 21 48 
10 38 17 22 41 34 9 9 34 17 22 10 
10 35 18 23 11 11 43 18 23 46 35 10 
19 24 39 36 11 11 36 19 24 12 12 48 

The value of m is: 12
The value of p is: 5
The value of len is: {1, 5}
The value of arr is: {1, 6}
The column indices of 1 * 2 tiles are: {5i+0, 5i+3} for 0<=i<=m-1.
25 1 1 25 41 20 13 44 12 12 20 13 
37 1 1 21 14 26 2 2 26 46 21 14 
3 27 39 22 15 42 2 2 22 15 27 3 
3 23 16 28 4 4 28 44 23 16 47 3 
37 24 17 40 4 4 24 17 29 5 5 29 
18 30 6 6 30 42 13 18 45 5 5 13 
19 38 6 6 14 19 31 7 7 31 47 14 
8 8 32 40 15 20 43 7 7 15 20 32 
8 8 16 21 33 9 9 33 45 16 21 48 
34 38 17 22 41 9 9 17 22 34 10 10 
18 23 35 11 11 35 43 18 23 46 10 10 
19 24 39 11 11 19 24 36 12 12 36 48 

The value of m is: 12
The value of p is: 5
The value of len is: {1, 5}
The value of arr is: {1, 6}
The column indices of 1 * 2 tiles are: {5i+0, 5i+4} for 0<=i<=m-1.
25 1 1 40 25 20 13 44 12 12 20 13 
37 1 1 21 14 26 2 2 45 26 21 14 
3 38 27 22 15 42 2 2 22 15 27 3 
3 23 16 28 4 4 43 28 23 16 47 3 
29 24 17 40 4 4 24 17 29 5 5 48 
18 30 6 6 41 30 13 18 45 5 5 13 
19 38 6 6 14 19 31 7 7 46 31 14 
8 8 39 32 15 20 43 7 7 15 20 32 
8 8 16 21 33 9 9 44 33 16 21 48 
37 34 17 22 41 9 9 17 22 34 10 10 
18 23 35 11 11 42 35 18 23 46 10 10 
19 24 39 11 11 19 24 36 12 12 47 36 

The value of m is: 12
The value of p is: 5
The value of len is: {1, 5}
The value of arr is: {1, 6}
The column indices of 1 * 2 tiles are: {5i+3, 5i+7} for 0<=i<=m-1.
37 1 1 25 41 20 13 25 12 12 20 13 
26 1 1 21 14 42 2 2 26 46 21 14 
3 27 39 22 15 27 2 2 22 15 47 3 
3 23 16 40 4 4 28 44 23 16 28 3 
37 24 17 29 4 4 24 17 45 5 5 29 
18 38 6 6 30 42 13 18 30 5 5 13 
19 31 6 6 14 19 43 7 7 31 47 14 
8 8 32 40 15 20 32 7 7 15 20 48 
8 8 16 21 41 9 9 33 45 16 21 33 
34 38 17 22 34 9 9 17 22 46 10 10 
18 23 39 11 11 35 43 18 23 35 10 10 
19 24 36 11 11 19 24 44 12 12 36 48 

The value of m is: 12
The value of p is: 5
The value of len is: {1, 5}
The value of arr is: {1, 6}
The column indices of 1 * 2 tiles are: {5i+4, 5i+7} for 0<=i<=m-1.
37 1 1 40 25 20 13 25 12 12 20 13 
26 1 1 21 14 42 2 2 45 26 21 14 
3 38 27 22 15 27 2 2 22 15 47 3 
3 23 16 40 4 4 43 28 23 16 28 3 
29 24 17 29 4 4 24 17 45 5 5 48 
18 38 6 6 41 30 13 18 30 5 5 13 
19 31 6 6 14 19 43 7 7 46 31 14 
8 8 39 32 15 20 32 7 7 15 20 48 
8 8 16 21 41 9 9 44 33 16 21 33 
37 34 17 22 34 9 9 17 22 46 10 10 
18 23 39 11 11 42 35 18 23 35 10 10 
19 24 36 11 11 19 24 44 12 12 47 36 

The value of m is: 12
The value of p is: 5
The value of len is: {1, 5}
The value of arr is: {8, 1}
The column indices of 1 * 2 tiles are: {5i+2, 5i+10} for 0<=i<=m-1.
20 13 25 12 12 20 13 44 1 1 25 48 
37 2 2 26 41 21 14 26 1 1 21 14 
27 2 2 22 15 42 3 3 27 46 22 15 
4 28 39 23 16 28 3 3 23 16 47 4 
4 24 17 40 5 5 29 44 24 17 29 4 
37 13 18 30 5 5 13 18 45 6 6 30 
19 38 7 7 31 42 14 19 31 6 6 14 
20 32 7 7 15 20 43 8 8 32 47 15 
9 9 33 40 16 21 33 8 8 16 21 48 
9 9 17 22 41 10 10 34 45 17 22 34 
35 38 18 23 35 10 10 18 23 46 11 11 
19 24 39 12 12 36 43 19 24 36 11 11 

The value of m is: 12
The value of p is: 5
The value of len is: {1, 5}
The value of arr is: {8, 1}
The column indices of 1 * 2 tiles are: {5i+2, 5i+11} for 0<=i<=m-1.
20 13 25 12 12 20 13 44 1 1 47 25 
37 2 2 40 26 21 14 26 1 1 21 14 
27 2 2 22 15 42 3 3 45 27 22 15 
4 38 28 23 16 28 3 3 23 16 47 4 
4 24 17 40 5 5 43 29 24 17 29 4 
30 13 18 30 5 5 13 18 45 6 6 48 
19 38 7 7 41 31 14 19 31 6 6 14 
20 32 7 7 15 20 43 8 8 46 32 15 
9 9 39 33 16 21 33 8 8 16 21 48 
9 9 17 22 41 10 10 44 34 17 22 34 
37 35 18 23 35 10 10 18 23 46 11 11 
19 24 39 12 12 42 36 19 24 36 11 11 

The value of m is: 12
The value of p is: 5
The value of len is: {1, 5}
The value of arr is: {8, 1}
The column indices of 1 * 2 tiles are: {5i+7, 5i+10} for 0<=i<=m-1.
20 13 39 12 12 20 13 25 1 1 25 48 
26 2 2 26 41 21 14 44 1 1 21 14 
37 2 2 22 15 27 3 3 27 46 22 15 
4 28 39 23 16 42 3 3 23 16 28 4 
4 24 17 29 5 5 29 44 24 17 47 4 
37 13 18 40 5 5 13 18 30 6 6 30 
19 31 7 7 31 42 14 19 45 6 6 14 
20 38 7 7 15 20 32 8 8 32 47 15 
9 9 33 40 16 21 43 8 8 16 21 33 
9 9 17 22 34 10 10 34 45 17 22 48 
35 38 18 23 41 10 10 18 23 35 11 11 
19 24 36 12 12 36 43 19 24 46 11 11 

The value of m is: 12
The value of p is: 5
The value of len is: {1, 5}
The value of arr is: {8, 1}
The column indices of 1 * 2 tiles are: {5i+7, 5i+11} for 0<=i<=m-1.
20 13 39 12 12 20 13 25 1 1 47 25 
26 2 2 40 26 21 14 44 1 1 21 14 
37 2 2 22 15 27 3 3 45 27 22 15 
4 38 28 23 16 42 3 3 23 16 28 4 
4 24 17 29 5 5 43 29 24 17 47 4 
30 13 18 40 5 5 13 18 30 6 6 48 
19 31 7 7 41 31 14 19 45 6 6 14 
20 38 7 7 15 20 32 8 8 46 32 15 
9 9 39 33 16 21 43 8 8 16 21 33 
9 9 17 22 34 10 10 44 34 17 22 48 
37 35 18 23 41 10 10 18 23 35 11 11 
19 24 36 12 12 42 36 19 24 46 11 11 

The value of m is: 12
The value of p is: 5
The value of len is: {1, 5}
The value of arr is: {3, 2}
The column indices of 1 * 2 tiles are: {5i+0, 5i+8} for 0<=i<=m-1.
25 20 13 1 1 42 20 13 25 46 12 12 
14 26 39 1 1 26 21 14 2 2 47 21 
15 3 3 40 22 15 27 44 2 2 27 22 
37 3 3 28 23 16 4 4 45 23 16 28 
5 38 24 17 29 42 4 4 29 24 17 5 
5 30 13 18 6 6 43 13 18 30 47 5 
14 19 31 40 6 6 31 14 19 7 7 48 
15 20 8 8 41 15 20 32 45 7 7 32 
33 38 8 8 33 16 21 9 9 46 16 21 
10 10 39 17 22 34 43 9 9 34 17 22 
10 10 35 18 23 11 11 44 18 23 35 48 
37 19 24 36 41 11 11 36 19 24 12 12 

The value of m is: 12
The value of p is: 5
The value of len is: {1, 5}
The value of arr is: {3, 2}
The column indices of 1 * 2 tiles are: {5i+0, 5i+9} for 0<=i<=m-1.
25 20 13 1 1 42 20 13 45 25 12 12 
14 38 26 1 1 26 21 14 2 2 47 21 
15 3 3 40 22 15 43 27 2 2 27 22 
28 3 3 28 23 16 4 4 45 23 16 48 
5 38 24 17 41 29 4 4 29 24 17 5 
5 30 13 18 6 6 43 13 18 46 30 5 
14 19 39 31 6 6 31 14 19 7 7 48 
15 20 8 8 41 15 20 44 32 7 7 32 
37 33 8 8 33 16 21 9 9 46 16 21 
10 10 39 17 22 42 34 9 9 34 17 22 
10 10 35 18 23 11 11 44 18 23 47 35 
37 19 24 40 36 11 11 36 19 24 12 12 

The value of m is: 12
The value of p is: 5
The value of len is: {1, 5}
The value of arr is: {3, 2}
The column indices of 1 * 2 tiles are: {5i+5, 5i+8} for 0<=i<=m-1.
37 20 13 1 1 25 20 13 25 46 12 12 
14 26 39 1 1 42 21 14 2 2 26 21 
15 3 3 27 22 15 27 44 2 2 47 22 
37 3 3 40 23 16 4 4 28 23 16 28 
5 29 24 17 29 42 4 4 45 24 17 5 
5 38 13 18 6 6 30 13 18 30 47 5 
14 19 31 40 6 6 43 14 19 7 7 31 
15 20 8 8 32 15 20 32 45 7 7 48 
33 38 8 8 41 16 21 9 9 33 16 21 
10 10 34 17 22 34 43 9 9 46 17 22 
10 10 39 18 23 11 11 35 18 23 35 48 
36 19 24 36 41 11 11 44 19 24 12 12 

The value of m is: 12
The value of p is: 5
The value of len is: {1, 5}
The value of arr is: {3, 2}
The column indices of 1 * 2 tiles are: {5i+5, 5i+9} for 0<=i<=m-1.
37 20 13 1 1 25 20 13 45 25 12 12 
14 38 26 1 1 42 21 14 2 2 26 21 
15 3 3 27 22 15 43 27 2 2 47 22 
28 3 3 40 23 16 4 4 28 23 16 48 
5 29 24 17 41 29 4 4 45 24 17 5 
5 38 13 18 6 6 30 13 18 46 30 5 
14 19 39 31 6 6 43 14 19 7 7 31 
15 20 8 8 32 15 20 44 32 7 7 48 
37 33 8 8 41 16 21 9 9 33 16 21 
10 10 34 17 22 42 34 9 9 46 17 22 
10 10 39 18 23 11 11 35 18 23 47 35 
36 19 24 40 36 11 11 44 19 24 12 12 

The value of m is: 12
The value of p is: 5
The value of len is: {1, 5}
The value of arr is: {2, 7}
The column indices of 1 * 2 tiles are: {5i+1, 5i+4} for 0<=i<=m-1.
13 25 1 1 25 42 20 13 45 12 12 20 
14 38 1 1 21 14 26 2 2 26 47 21 
3 3 27 40 22 15 43 2 2 22 15 27 
3 3 23 16 28 4 4 28 45 23 16 48 
29 38 24 17 41 4 4 24 17 29 5 5 
13 18 30 6 6 30 43 13 18 46 5 5 
14 19 39 6 6 14 19 31 7 7 31 48 
32 8 8 32 41 15 20 44 7 7 15 20 
37 8 8 16 21 33 9 9 33 46 16 21 
10 34 39 17 22 42 9 9 17 22 34 10 
10 18 23 35 11 11 35 44 18 23 47 10 
37 19 24 40 11 11 19 24 36 12 12 36 

The value of m is: 12
The value of p is: 5
The value of len is: {1, 5}
The value of arr is: {2, 7}
The column indices of 1 * 2 tiles are: {5i+1, 5i+5} for 0<=i<=m-1.
13 25 1 1 41 25 20 13 45 12 12 20 
14 38 1 1 21 14 26 2 2 46 26 21 
3 3 39 27 22 15 43 2 2 22 15 27 
3 3 23 16 28 4 4 44 28 23 16 48 
37 29 24 17 41 4 4 24 17 29 5 5 
13 18 30 6 6 42 30 13 18 46 5 5 
14 19 39 6 6 14 19 31 7 7 47 31 
32 8 8 40 32 15 20 44 7 7 15 20 
37 8 8 16 21 33 9 9 45 33 16 21 
10 38 34 17 22 42 9 9 17 22 34 10 
10 18 23 35 11 11 43 35 18 23 47 10 
36 19 24 40 11 11 19 24 36 12 12 48 

The value of m is: 12
The value of p is: 5
The value of len is: {1, 5}
The value of arr is: {2, 7}
The column indices of 1 * 2 tiles are: {5i+4, 5i+8} for 0<=i<=m-1.
13 38 1 1 25 42 20 13 25 12 12 20 
14 26 1 1 21 14 43 2 2 26 47 21 
3 3 27 40 22 15 27 2 2 22 15 48 
3 3 23 16 41 4 4 28 45 23 16 28 
29 38 24 17 29 4 4 24 17 46 5 5 
13 18 39 6 6 30 43 13 18 30 5 5 
14 19 31 6 6 14 19 44 7 7 31 48 
37 8 8 32 41 15 20 32 7 7 15 20 
33 8 8 16 21 42 9 9 33 46 16 21 
10 34 39 17 22 34 9 9 17 22 47 10 
10 18 23 40 11 11 35 44 18 23 35 10 
37 19 24 36 11 11 19 24 45 12 12 36 

The value of m is: 12
The value of p is: 5
The value of len is: {1, 5}
The value of arr is: {2, 7}
The column indices of 1 * 2 tiles are: {5i+5, 5i+8} for 0<=i<=m-1.
13 38 1 1 41 25 20 13 25 12 12 20 
14 26 1 1 21 14 43 2 2 46 26 21 
3 3 39 27 22 15 27 2 2 22 15 48 
3 3 23 16 41 4 4 44 28 23 16 28 
37 29 24 17 29 4 4 24 17 46 5 5 
13 18 39 6 6 42 30 13 18 30 5 5 
14 19 31 6 6 14 19 44 7 7 47 31 
37 8 8 40 32 15 20 32 7 7 15 20 
33 8 8 16 21 42 9 9 45 33 16 21 
10 38 34 17 22 34 9 9 17 22 47 10 
10 18 23 40 11 11 43 35 18 23 35 10 
36 19 24 36 11 11 19 24 45 12 12 48 

The value of m is: 12
The value of p is: 5
The value of len is: {1, 5}
The value of arr is: {9, 2}
The column indices of 1 * 2 tiles are: {5i+0, 5i+3} for 0<=i<=m-1.
25 20 13 25 12 12 20 13 45 1 1 48 
14 38 2 2 41 26 21 14 26 1 1 21 
15 27 2 2 22 15 43 3 3 46 27 22 
4 4 39 28 23 16 28 3 3 23 16 48 
4 4 24 17 41 5 5 44 29 24 17 29 
37 30 13 18 30 5 5 13 18 46 6 6 
14 19 39 7 7 42 31 14 19 31 6 6 
15 20 32 7 7 15 20 44 8 8 47 32 
37 9 9 40 33 16 21 33 8 8 16 21 
34 9 9 17 22 42 10 10 45 34 17 22 
11 38 35 18 23 35 10 10 18 23 47 11 
11 19 24 40 12 12 43 36 19 24 36 11 

The value of m is: 12
The value of p is: 5
The value of len is: {1, 5}
The value of arr is: {9, 2}
The column indices of 1 * 2 tiles are: {5i+0, 5i+8} for 0<=i<=m-1.
25 20 13 40 12 12 20 13 25 1 1 48 
14 26 2 2 41 26 21 14 45 1 1 21 
15 38 2 2 22 15 27 3 3 46 27 22 
4 4 39 28 23 16 43 3 3 23 16 28 
4 4 24 17 29 5 5 44 29 24 17 48 
37 30 13 18 41 5 5 13 18 30 6 6 
14 19 31 7 7 42 31 14 19 46 6 6 
15 20 39 7 7 15 20 32 8 8 47 32 
33 9 9 40 33 16 21 44 8 8 16 21 
37 9 9 17 22 34 10 10 45 34 17 22 
11 38 35 18 23 42 10 10 18 23 35 11 
11 19 24 36 12 12 43 36 19 24 47 11 

The value of m is: 12
The value of p is: 5
The value of len is: {1, 5}
The value of arr is: {9, 2}
The column indices of 1 * 2 tiles are: {5i+3, 5i+11} for 0<=i<=m-1.
37 20 13 25 12 12 20 13 45 1 1 25 
14 38 2 2 26 42 21 14 26 1 1 21 
15 27 2 2 22 15 43 3 3 27 47 22 
4 4 28 40 23 16 28 3 3 23 16 48 
4 4 24 17 41 5 5 29 45 24 17 29 
30 38 13 18 30 5 5 13 18 46 6 6 
14 19 39 7 7 31 43 14 19 31 6 6 
15 20 32 7 7 15 20 44 8 8 32 48 
37 9 9 33 41 16 21 33 8 8 16 21 
34 9 9 17 22 42 10 10 34 46 17 22 
11 35 39 18 23 35 10 10 18 23 47 11 
11 19 24 40 12 12 36 44 19 24 36 11 

The value of m is: 12
The value of p is: 5
The value of len is: {1, 5}
The value of arr is: {9, 2}
The column indices of 1 * 2 tiles are: {5i+8, 5i+11} for 0<=i<=m-1.
37 20 13 40 12 12 20 13 25 1 1 25 
14 26 2 2 26 42 21 14 45 1 1 21 
15 38 2 2 22 15 27 3 3 27 47 22 
4 4 28 40 23 16 43 3 3 23 16 28 
4 4 24 17 29 5 5 29 45 24 17 48 
30 38 13 18 41 5 5 13 18 30 6 6 
14 19 31 7 7 31 43 14 19 46 6 6 
15 20 39 7 7 15 20 32 8 8 32 48 
33 9 9 33 41 16 21 44 8 8 16 21 
37 9 9 17 22 34 10 10 34 46 17 22 
11 35 39 18 23 42 10 10 18 23 35 11 
11 19 24 36 12 12 36 44 19 24 47 11 

The value of m is: 12
The value of p is: 5
The value of len is: {1, 5}
The value of arr is: {4, 3}
The column indices of 1 * 2 tiles are: {5i+1, 5i+9} for 0<=i<=m-1.
12 25 20 13 1 1 43 20 13 25 47 12 
21 14 26 40 1 1 26 21 14 2 2 48 
22 15 3 3 41 22 15 27 45 2 2 27 
28 38 3 3 28 23 16 4 4 46 23 16 
5 5 39 24 17 29 43 4 4 29 24 17 
5 5 30 13 18 6 6 44 13 18 30 48 
37 14 19 31 41 6 6 31 14 19 7 7 
32 15 20 8 8 42 15 20 32 46 7 7 
21 33 39 8 8 33 16 21 9 9 47 16 
22 10 10 40 17 22 34 44 9 9 34 17 
37 10 10 35 18 23 11 11 45 18 23 35 
12 38 19 24 36 42 11 11 36 19 24 12 

The value of m is: 12
The value of p is: 5
The value of len is: {1, 5}
The value of arr is: {4, 3}
The column indices of 1 * 2 tiles are: {5i+1, 5i+10} for 0<=i<=m-1.
12 25 20 13 1 1 43 20 13 46 25 12 
21 14 39 26 1 1 26 21 14 2 2 48 
22 15 3 3 41 22 15 44 27 2 2 27 
37 28 3 3 28 23 16 4 4 46 23 16 
5 5 39 24 17 42 29 4 4 29 24 17 
5 5 30 13 18 6 6 44 13 18 47 30 
37 14 19 40 31 6 6 31 14 19 7 7 
32 15 20 8 8 42 15 20 45 32 7 7 
21 38 33 8 8 33 16 21 9 9 47 16 
22 10 10 40 17 22 43 34 9 9 34 17 
35 10 10 35 18 23 11 11 45 18 23 48 
12 38 19 24 41 36 11 11 36 19 24 12 

The value of m is: 12
The value of p is: 5
The value of len is: {1, 5}
The value of arr is: {4, 3}
The column indices of 1 * 2 tiles are: {5i+6, 5i+9} for 0<=i<=m-1.
12 38 20 13 1 1 25 20 13 25 47 12 
21 14 26 40 1 1 43 21 14 2 2 26 
22 15 3 3 27 22 15 27 45 2 2 48 
28 38 3 3 41 23 16 4 4 28 23 16 
5 5 29 24 17 29 43 4 4 46 24 17 
5 5 39 13 18 6 6 30 13 18 30 48 
31 14 19 31 41 6 6 44 14 19 7 7 
37 15 20 8 8 32 15 20 32 46 7 7 
21 33 39 8 8 42 16 21 9 9 33 16 
22 10 10 34 17 22 34 44 9 9 47 17 
37 10 10 40 18 23 11 11 35 18 23 35 
12 36 19 24 36 42 11 11 45 19 24 12 

The value of m is: 12
The value of p is: 5
The value of len is: {1, 5}
The value of arr is: {4, 3}
The column indices of 1 * 2 tiles are: {5i+6, 5i+10} for 0<=i<=m-1.
12 38 20 13 1 1 25 20 13 46 25 12 
21 14 39 26 1 1 43 21 14 2 2 26 
22 15 3 3 27 22 15 44 27 2 2 48 
37 28 3 3 41 23 16 4 4 28 23 16 
5 5 29 24 17 42 29 4 4 46 24 17 
5 5 39 13 18 6 6 30 13 18 47 30 
31 14 19 40 31 6 6 44 14 19 7 7 
37 15 20 8 8 32 15 20 45 32 7 7 
21 38 33 8 8 42 16 21 9 9 33 16 
22 10 10 34 17 22 43 34 9 9 47 17 
35 10 10 40 18 23 11 11 35 18 23 48 
12 36 19 24 41 36 11 11 45 19 24 12 

The value of m is: 12
The value of p is: 5
The value of len is: {1, 5}
The value of arr is: {3, 8}
The column indices of 1 * 2 tiles are: {5i+2, 5i+5} for 0<=i<=m-1.
20 13 25 1 1 25 43 20 13 46 12 12 
21 14 39 1 1 21 14 26 2 2 26 48 
27 3 3 27 41 22 15 44 2 2 22 15 
37 3 3 23 16 28 4 4 28 46 23 16 
5 29 39 24 17 42 4 4 24 17 29 5 
5 13 18 30 6 6 30 44 13 18 47 5 
37 14 19 40 6 6 14 19 31 7 7 31 
20 32 8 8 32 42 15 20 45 7 7 15 
21 38 8 8 16 21 33 9 9 33 47 16 
10 10 34 40 17 22 43 9 9 17 22 34 
10 10 18 23 35 11 11 35 45 18 23 48 
36 38 19 24 41 11 11 19 24 36 12 12 

The value of m is: 12
The value of p is: 5
The value of len is: {1, 5}
The value of arr is: {3, 8}
The column indices of 1 * 2 tiles are: {5i+2, 5i+6} for 0<=i<=m-1.
20 13 25 1 1 42 25 20 13 46 12 12 
21 14 39 1 1 21 14 26 2 2 47 26 
27 3 3 40 27 22 15 44 2 2 22 15 
37 3 3 23 16 28 4 4 45 28 23 16 
5 38 29 24 17 42 4 4 24 17 29 5 
5 13 18 30 6 6 43 30 13 18 47 5 
31 14 19 40 6 6 14 19 31 7 7 48 
20 32 8 8 41 32 15 20 45 7 7 15 
21 38 8 8 16 21 33 9 9 46 33 16 
10 10 39 34 17 22 43 9 9 17 22 34 
10 10 18 23 35 11 11 44 35 18 23 48 
37 36 19 24 41 11 11 19 24 36 12 12 

The value of m is: 12
The value of p is: 5
The value of len is: {1, 5}
The value of arr is: {3, 8}
The column indices of 1 * 2 tiles are: {5i+5, 5i+9} for 0<=i<=m-1.
20 13 39 1 1 25 43 20 13 25 12 12 
21 14 26 1 1 21 14 44 2 2 26 48 
37 3 3 27 41 22 15 27 2 2 22 15 
28 3 3 23 16 42 4 4 28 46 23 16 
5 29 39 24 17 29 4 4 24 17 47 5 
5 13 18 40 6 6 30 44 13 18 30 5 
37 14 19 31 6 6 14 19 45 7 7 31 
20 38 8 8 32 42 15 20 32 7 7 15 
21 33 8 8 16 21 43 9 9 33 47 16 
10 10 34 40 17 22 34 9 9 17 22 48 
10 10 18 23 41 11 11 35 45 18 23 35 
36 38 19 24 36 11 11 19 24 46 12 12 

The value of m is: 12
The value of p is: 5
The value of len is: {1, 5}
The value of arr is: {3, 8}
The column indices of 1 * 2 tiles are: {5i+6, 5i+9} for 0<=i<=m-1.
20 13 39 1 1 42 25 20 13 25 12 12 
21 14 26 1 1 21 14 44 2 2 47 26 
37 3 3 40 27 22 15 27 2 2 22 15 
28 3 3 23 16 42 4 4 45 28 23 16 
5 38 29 24 17 29 4 4 24 17 47 5 
5 13 18 40 6 6 43 30 13 18 30 5 
31 14 19 31 6 6 14 19 45 7 7 48 
20 38 8 8 41 32 15 20 32 7 7 15 
21 33 8 8 16 21 43 9 9 46 33 16 
10 10 39 34 17 22 34 9 9 17 22 48 
10 10 18 23 41 11 11 44 35 18 23 35 
37 36 19 24 36 11 11 19 24 46 12 12 

The value of m is: 12
The value of p is: 5
The value of len is: {1, 5}
The value of arr is: {10, 3}
The column indices of 1 * 2 tiles are: {5i+0, 5i+4} for 0<=i<=m-1.
25 38 20 13 25 12 12 20 13 46 1 1 
21 14 39 2 2 26 43 21 14 26 1 1 
22 15 27 2 2 22 15 44 3 3 27 48 
37 4 4 28 41 23 16 28 3 3 23 16 
29 4 4 24 17 42 5 5 29 46 24 17 
6 30 39 13 18 30 5 5 13 18 47 6 
6 14 19 40 7 7 31 44 14 19 31 6 
37 15 20 32 7 7 15 20 45 8 8 32 
21 38 9 9 33 42 16 21 33 8 8 16 
22 34 9 9 17 22 43 10 10 34 47 17 
11 11 35 40 18 23 35 10 10 18 23 48 
11 11 19 24 41 12 12 36 45 19 24 36 

The value of m is: 12
The value of p is: 5
The value of len is: {1, 5}
The value of arr is: {10, 3}
The column indices of 1 * 2 tiles are: {5i+0, 5i+9} for 0<=i<=m-1.
25 38 20 13 41 12 12 20 13 25 1 1 
21 14 26 2 2 26 43 21 14 46 1 1 
22 15 39 2 2 22 15 27 3 3 27 48 
28 4 4 28 41 23 16 44 3 3 23 16 
37 4 4 24 17 29 5 5 29 46 24 17 
6 30 39 13 18 42 5 5 13 18 30 6 
6 14 19 31 7 7 31 44 14 19 47 6 
37 15 20 40 7 7 15 20 32 8 8 32 
21 33 9 9 33 42 16 21 45 8 8 16 
22 38 9 9 17 22 34 10 10 34 47 17 
11 11 35 40 18 23 43 10 10 18 23 35 
11 11 19 24 36 12 12 36 45 19 24 48 

The value of m is: 12
The value of p is: 5
The value of len is: {1, 5}
The value of arr is: {10, 3}
The column indices of 1 * 2 tiles are: {5i+1, 5i+4} for 0<=i<=m-1.
37 25 20 13 25 12 12 20 13 46 1 1 
21 14 39 2 2 42 26 21 14 26 1 1 
22 15 27 2 2 22 15 44 3 3 47 27 
37 4 4 40 28 23 16 28 3 3 23 16 
29 4 4 24 17 42 5 5 45 29 24 17 
6 38 30 13 18 30 5 5 13 18 47 6 
6 14 19 40 7 7 43 31 14 19 31 6 
32 15 20 32 7 7 15 20 45 8 8 48 
21 38 9 9 41 33 16 21 33 8 8 16 
22 34 9 9 17 22 43 10 10 46 34 17 
11 11 39 35 18 23 35 10 10 18 23 48 
11 11 19 24 41 12 12 44 36 19 24 36 

The value of m is: 12
The value of p is: 5
The value of len is: {1, 5}
The value of arr is: {10, 3}
The column indices of 1 * 2 tiles are: {5i+1, 5i+9} for 0<=i<=m-1.
37 25 20 13 41 12 12 20 13 25 1 1 
21 14 26 2 2 42 26 21 14 46 1 1 
22 15 39 2 2 22 15 27 3 3 47 27 
28 4 4 40 28 23 16 44 3 3 23 16 
37 4 4 24 17 29 5 5 45 29 24 17 
6 38 30 13 18 42 5 5 13 18 30 6 
6 14 19 31 7 7 43 31 14 19 47 6 
32 15 20 40 7 7 15 20 32 8 8 48 
21 33 9 9 41 33 16 21 45 8 8 16 
22 38 9 9 17 22 34 10 10 46 34 17 
11 11 39 35 18 23 43 10 10 18 23 35 
11 11 19 24 36 12 12 44 36 19 24 48 

The value of m is: 12
The value of p is: 5
The value of len is: {1, 5}
The value of arr is: {5, 4}
The column indices of 1 * 2 tiles are: {5i+2, 5i+10} for 0<=i<=m-1.
12 12 25 20 13 1 1 44 20 13 25 48 
37 21 14 26 41 1 1 26 21 14 2 2 
27 22 15 3 3 42 22 15 27 46 2 2 
16 28 39 3 3 28 23 16 4 4 47 23 
17 5 5 40 24 17 29 44 4 4 29 24 
37 5 5 30 13 18 6 6 45 13 18 30 
7 38 14 19 31 42 6 6 31 14 19 7 
7 32 15 20 8 8 43 15 20 32 47 7 
16 21 33 40 8 8 33 16 21 9 9 48 
17 22 10 10 41 17 22 34 45 9 9 34 
35 38 10 10 35 18 23 11 11 46 18 23 
12 12 39 19 24 36 43 11 11 36 19 24 

The value of m is: 12
The value of p is: 5
The value of len is: {1, 5}
The value of arr is: {5, 4}
The column indices of 1 * 2 tiles are: {5i+2, 5i+11} for 0<=i<=m-1.
12 12 25 20 13 1 1 44 20 13 47 25 
37 21 14 40 26 1 1 26 21 14 2 2 
27 22 15 3 3 42 22 15 45 27 2 2 
16 38 28 3 3 28 23 16 4 4 47 23 
17 5 5 40 24 17 43 29 4 4 29 24 
30 5 5 30 13 18 6 6 45 13 18 48 
7 38 14 19 41 31 6 6 31 14 19 7 
7 32 15 20 8 8 43 15 20 46 32 7 
16 21 39 33 8 8 33 16 21 9 9 48 
17 22 10 10 41 17 22 44 34 9 9 34 
37 35 10 10 35 18 23 11 11 46 18 23 
12 12 39 19 24 42 36 11 11 36 19 24 

The value of m is: 12
The value of p is: 5
The value of len is: {1, 5}
The value of arr is: {5, 4}
The column indices of 1 * 2 tiles are: {5i+7, 5i+10} for 0<=i<=m-1.
12 12 39 20 13 1 1 25 20 13 25 48 
26 21 14 26 41 1 1 44 21 14 2 2 
37 22 15 3 3 27 22 15 27 46 2 2 
16 28 39 3 3 42 23 16 4 4 28 23 
17 5 5 29 24 17 29 44 4 4 47 24 
37 5 5 40 13 18 6 6 30 13 18 30 
7 31 14 19 31 42 6 6 45 14 19 7 
7 38 15 20 8 8 32 15 20 32 47 7 
16 21 33 40 8 8 43 16 21 9 9 33 
17 22 10 10 34 17 22 34 45 9 9 48 
35 38 10 10 41 18 23 11 11 35 18 23 
12 12 36 19 24 36 43 11 11 46 19 24 

The value of m is: 12
The value of p is: 5
The value of len is: {1, 5}
The value of arr is: {5, 4}
The column indices of 1 * 2 tiles are: {5i+7, 5i+11} for 0<=i<=m-1.
12 12 39 20 13 1 1 25 20 13 47 25 
26 21 14 40 26 1 1 44 21 14 2 2 
37 22 15 3 3 27 22 15 45 27 2 2 
16 38 28 3 3 42 23 16 4 4 28 23 
17 5 5 29 24 17 43 29 4 4 47 24 
30 5 5 40 13 18 6 6 30 13 18 48 
7 31 14 19 41 31 6 6 45 14 19 7 
7 38 15 20 8 8 32 15 20 46 32 7 
16 21 39 33 8 8 43 16 21 9 9 33 
17 22 10 10 34 17 22 44 34 9 9 48 
37 35 10 10 41 18 23 11 11 35 18 23 
12 12 36 19 24 42 36 11 11 46 19 24 

The value of m is: 12
The value of p is: 5
The value of len is: {1, 5}
The value of arr is: {4, 9}
The column indices of 1 * 2 tiles are: {5i+3, 5i+6} for 0<=i<=m-1.
12 20 13 25 1 1 25 44 20 13 47 12 
37 21 14 40 1 1 21 14 26 2 2 26 
15 27 3 3 27 42 22 15 45 2 2 22 
16 38 3 3 23 16 28 4 4 28 47 23 
5 5 29 40 24 17 43 4 4 24 17 29 
5 5 13 18 30 6 6 30 45 13 18 48 
31 38 14 19 41 6 6 14 19 31 7 7 
15 20 32 8 8 32 43 15 20 46 7 7 
16 21 39 8 8 16 21 33 9 9 33 48 
34 10 10 34 41 17 22 44 9 9 17 22 
37 10 10 18 23 35 11 11 35 46 18 23 
12 36 39 19 24 42 11 11 19 24 36 12 

The value of m is: 12
The value of p is: 5
The value of len is: {1, 5}
The value of arr is: {4, 9}
The column indices of 1 * 2 tiles are: {5i+3, 5i+7} for 0<=i<=m-1.
12 20 13 25 1 1 43 25 20 13 47 12 
26 21 14 40 1 1 21 14 26 2 2 48 
15 27 3 3 41 27 22 15 45 2 2 22 
16 38 3 3 23 16 28 4 4 46 28 23 
5 5 39 29 24 17 43 4 4 24 17 29 
5 5 13 18 30 6 6 44 30 13 18 48 
37 31 14 19 41 6 6 14 19 31 7 7 
15 20 32 8 8 42 32 15 20 46 7 7 
16 21 39 8 8 16 21 33 9 9 47 33 
34 10 10 40 34 17 22 44 9 9 17 22 
37 10 10 18 23 35 11 11 45 35 18 23 
12 38 36 19 24 42 11 11 19 24 36 12 

The value of m is: 12
The value of p is: 5
The value of len is: {1, 5}
The value of arr is: {4, 9}
The column indices of 1 * 2 tiles are: {5i+6, 5i+10} for 0<=i<=m-1.
12 20 13 40 1 1 25 44 20 13 25 12 
37 21 14 26 1 1 21 14 45 2 2 26 
15 38 3 3 27 42 22 15 27 2 2 22 
16 28 3 3 23 16 43 4 4 28 47 23 
5 5 29 40 24 17 29 4 4 24 17 48 
5 5 13 18 41 6 6 30 45 13 18 30 
31 38 14 19 31 6 6 14 19 46 7 7 
15 20 39 8 8 32 43 15 20 32 7 7 
16 21 33 8 8 16 21 44 9 9 33 48 
37 10 10 34 41 17 22 34 9 9 17 22 
35 10 10 18 23 42 11 11 35 46 18 23 
12 36 39 19 24 36 11 11 19 24 47 12 

The value of m is: 12
The value of p is: 5
The value of len is: {1, 5}
The value of arr is: {4, 9}
The column indices of 1 * 2 tiles are: {5i+7, 5i+10} for 0<=i<=m-1.
12 20 13 40 1 1 43 25 20 13 25 12 
26 21 14 26 1 1 21 14 45 2 2 48 
15 38 3 3 41 27 22 15 27 2 2 22 
16 28 3 3 23 16 43 4 4 46 28 23 
5 5 39 29 24 17 29 4 4 24 17 48 
5 5 13 18 41 6 6 44 30 13 18 30 
37 31 14 19 31 6 6 14 19 46 7 7 
15 20 39 8 8 42 32 15 20 32 7 7 
16 21 33 8 8 16 21 44 9 9 47 33 
37 10 10 40 34 17 22 34 9 9 17 22 
35 10 10 18 23 42 11 11 45 35 18 23 
12 38 36 19 24 36 11 11 19 24 47 12 

The value of m is: 12
The value of p is: 5
The value of len is: {1, 5}
The value of arr is: {11, 4}
The column indices of 1 * 2 tiles are: {5i+1, 5i+5} for 0<=i<=m-1.
1 25 39 20 13 25 12 12 20 13 47 1 
1 21 14 40 2 2 26 44 21 14 26 1 
37 22 15 27 2 2 22 15 45 3 3 27 
16 38 4 4 28 42 23 16 28 3 3 23 
17 29 4 4 24 17 43 5 5 29 47 24 
6 6 30 40 13 18 30 5 5 13 18 48 
6 6 14 19 41 7 7 31 45 14 19 31 
32 38 15 20 32 7 7 15 20 46 8 8 
16 21 39 9 9 33 43 16 21 33 8 8 
17 22 34 9 9 17 22 44 10 10 34 48 
37 11 11 35 41 18 23 35 10 10 18 23 
36 11 11 19 24 42 12 12 36 46 19 24 

The value of m is: 12
The value of p is: 5
The value of len is: {1, 5}
The value of arr is: {11, 4}
The column indices of 1 * 2 tiles are: {5i+1, 5i+10} for 0<=i<=m-1.
1 25 39 20 13 42 12 12 20 13 25 1 
1 21 14 26 2 2 26 44 21 14 47 1 
37 22 15 40 2 2 22 15 27 3 3 27 
16 28 4 4 28 42 23 16 45 3 3 23 
17 38 4 4 24 17 29 5 5 29 47 24 
6 6 30 40 13 18 43 5 5 13 18 30 
6 6 14 19 31 7 7 31 45 14 19 48 
32 38 15 20 41 7 7 15 20 32 8 8 
16 21 33 9 9 33 43 16 21 46 8 8 
17 22 39 9 9 17 22 34 10 10 34 48 
35 11 11 35 41 18 23 44 10 10 18 23 
37 11 11 19 24 36 12 12 36 46 19 24 

The value of m is: 12
The value of p is: 5
The value of len is: {1, 5}
The value of arr is: {11, 4}
The column indices of 1 * 2 tiles are: {5i+2, 5i+5} for 0<=i<=m-1.
1 38 25 20 13 25 12 12 20 13 47 1 
1 21 14 40 2 2 43 26 21 14 26 1 
27 22 15 27 2 2 22 15 45 3 3 48 
16 38 4 4 41 28 23 16 28 3 3 23 
17 29 4 4 24 17 43 5 5 46 29 24 
6 6 39 30 13 18 30 5 5 13 18 48 
6 6 14 19 41 7 7 44 31 14 19 31 
37 32 15 20 32 7 7 15 20 46 8 8 
16 21 39 9 9 42 33 16 21 33 8 8 
17 22 34 9 9 17 22 44 10 10 47 34 
37 11 11 40 35 18 23 35 10 10 18 23 
36 11 11 19 24 42 12 12 45 36 19 24 

The value of m is: 12
The value of p is: 5
The value of len is: {1, 5}
The value of arr is: {11, 4}
The column indices of 1 * 2 tiles are: {5i+2, 5i+10} for 0<=i<=m-1.
1 38 25 20 13 42 12 12 20 13 25 1 
1 21 14 26 2 2 43 26 21 14 47 1 
27 22 15 40 2 2 22 15 27 3 3 48 
16 28 4 4 41 28 23 16 45 3 3 23 
17 38 4 4 24 17 29 5 5 46 29 24 
6 6 39 30 13 18 43 5 5 13 18 30 
6 6 14 19 31 7 7 44 31 14 19 48 
37 32 15 20 41 7 7 15 20 32 8 8 
16 21 33 9 9 42 33 16 21 46 8 8 
17 22 39 9 9 17 22 34 10 10 47 34 
35 11 11 40 35 18 23 44 10 10 18 23 
37 11 11 19 24 36 12 12 45 36 19 24 

The value of m is: 12
The value of p is: 5
The value of len is: {1, 5}
The value of arr is: {6, 5}
The column indices of 1 * 2 tiles are: {5i+0, 5i+3} for 0<=i<=m-1.
25 12 12 25 20 13 1 1 45 20 13 48 
2 38 21 14 41 26 1 1 26 21 14 2 
2 27 22 15 3 3 43 22 15 46 27 2 
23 16 39 28 3 3 28 23 16 4 4 48 
24 17 5 5 41 24 17 44 29 4 4 29 
37 30 5 5 30 13 18 6 6 46 13 18 
7 7 39 14 19 42 31 6 6 31 14 19 
7 7 32 15 20 8 8 44 15 20 47 32 
37 16 21 40 33 8 8 33 16 21 9 9 
34 17 22 10 10 42 17 22 45 34 9 9 
23 38 35 10 10 35 18 23 11 11 47 18 
24 12 12 40 19 24 43 36 11 11 36 19 

The value of m is: 12
The value of p is: 5
The value of len is: {1, 5}
The value of arr is: {6, 5}
The column indices of 1 * 2 tiles are: {5i+0, 5i+8} for 0<=i<=m-1.
25 12 12 40 20 13 1 1 25 20 13 48 
2 26 21 14 41 26 1 1 45 21 14 2 
2 38 22 15 3 3 27 22 15 46 27 2 
23 16 39 28 3 3 43 23 16 4 4 28 
24 17 5 5 29 24 17 44 29 4 4 48 
37 30 5 5 41 13 18 6 6 30 13 18 
7 7 31 14 19 42 31 6 6 46 14 19 
7 7 39 15 20 8 8 32 15 20 47 32 
33 16 21 40 33 8 8 44 16 21 9 9 
37 17 22 10 10 34 17 22 45 34 9 9 
23 38 35 10 10 42 18 23 11 11 35 18 
24 12 12 36 19 24 43 36 11 11 47 19 

The value of m is: 12
The value of p is: 5
The value of len is: {1, 5}
The value of arr is: {6, 5}
The column indices of 1 * 2 tiles are: {5i+3, 5i+11} for 0<=i<=m-1.
37 12 12 25 20 13 1 1 45 20 13 25 
2 38 21 14 26 42 1 1 26 21 14 2 
2 27 22 15 3 3 43 22 15 27 47 2 
23 16 28 40 3 3 28 23 16 4 4 48 
24 17 5 5 41 24 17 29 45 4 4 29 
30 38 5 5 30 13 18 6 6 46 13 18 
7 7 39 14 19 31 43 6 6 31 14 19 
7 7 32 15 20 8 8 44 15 20 32 48 
37 16 21 33 41 8 8 33 16 21 9 9 
34 17 22 10 10 42 17 22 34 46 9 9 
23 35 39 10 10 35 18 23 11 11 47 18 
24 12 12 40 19 24 36 44 11 11 36 19 

The value of m is: 12
The value of p is: 5
The value of len is: {1, 5}
The value of arr is: {6, 5}
The column indices of 1 * 2 tiles are: {5i+8, 5i+11} for 0<=i<=m-1.
37 12 12 40 20 13 1 1 25 20 13 25 
2 26 21 14 26 42 1 1 45 21 14 2 
2 38 22 15 3 3 27 22 15 27 47 2 
23 16 28 40 3 3 43 23 16 4 4 28 
24 17 5 5 29 24 17 29 45 4 4 48 
30 38 5 5 41 13 18 6 6 30 13 18 
7 7 31 14 19 31 43 6 6 46 14 19 
7 7 39 15 20 8 8 32 15 20 32 48 
33 16 21 33 41 8 8 44 16 21 9 9 
37 17 22 10 10 34 17 22 34 46 9 9 
23 35 39 10 10 42 18 23 11 11 35 18 
24 12 12 36 19 24 36 44 11 11 47 19 

The value of m is: 12
The value of p is: 5
The value of len is: {1, 5}
The value of arr is: {5, 10}
The column indices of 1 * 2 tiles are: {5i+4, 5i+7} for 0<=i<=m-1.
12 12 20 13 25 1 1 25 45 20 13 48 
26 38 21 14 41 1 1 21 14 26 2 2 
22 15 27 3 3 27 43 22 15 46 2 2 
23 16 39 3 3 23 16 28 4 4 28 48 
29 5 5 29 41 24 17 44 4 4 24 17 
37 5 5 13 18 30 6 6 30 46 13 18 
7 31 39 14 19 42 6 6 14 19 31 7 
7 15 20 32 8 8 32 44 15 20 47 7 
37 16 21 40 8 8 16 21 33 9 9 33 
22 34 10 10 34 42 17 22 45 9 9 17 
23 38 10 10 18 23 35 11 11 35 47 18 
12 12 36 40 19 24 43 11 11 19 24 36 

The value of m is: 12
The value of p is: 5
The value of len is: {1, 5}
The value of arr is: {5, 10}
The column indices of 1 * 2 tiles are: {5i+4, 5i+8} for 0<=i<=m-1.
12 12 20 13 25 1 1 44 25 20 13 48 
37 26 21 14 41 1 1 21 14 26 2 2 
22 15 27 3 3 42 27 22 15 46 2 2 
