The value of m is: 16
The value of p is: 3
The value of len is: {1, 2, 3}
The value of arr is: {8, 2, 0}
The column indices of 1 * 2 tiles are: {3i+1, 3i+11} for 0<=i<=m-1.
33 49 17 33 17 16 16 46 1 1 46 49 31 78 31 80 
65 32 67 34 50 18 34 18 1 1 47 2 2 47 50 32 
48 51 17 68 17 70 35 51 19 35 19 2 2 48 3 3 
33 4 4 33 52 18 71 18 73 36 52 20 36 20 3 3 
21 4 4 34 5 5 34 53 19 74 19 76 37 53 21 37 
54 22 38 22 5 5 35 6 6 35 54 20 77 20 79 38 
21 66 39 55 23 39 23 6 6 36 7 7 36 55 21 80 
56 22 67 22 69 40 56 24 40 24 7 7 37 8 8 37 
9 9 38 57 23 70 23 72 41 57 25 41 25 8 8 38 
9 9 39 10 10 39 58 24 73 24 75 42 58 26 42 26 
27 43 27 10 10 40 11 11 40 59 25 76 25 78 43 59 
65 44 60 28 44 28 11 11 41 12 12 41 60 26 79 26 
27 66 27 68 45 61 29 45 29 12 12 42 13 13 42 61 
14 43 62 28 69 28 71 46 62 30 46 30 13 13 43 14 
14 44 15 15 44 63 29 72 29 74 47 63 31 47 31 14 
48 32 15 15 45 16 16 45 64 30 75 30 77 48 64 32 

The value of m is: 16
The value of p is: 3
The value of len is: {1, 2, 3}
The value of arr is: {8, 2, 0}
The column indices of 1 * 2 tiles are: {3i+1, 3i+13} for 0<=i<=m-1.
33 49 17 33 17 16 16 46 1 1 46 76 31 49 31 80 
50 32 67 34 50 18 34 18 1 1 47 2 2 47 79 32 
48 66 17 51 17 70 35 51 19 35 19 2 2 48 3 3 
33 4 4 33 69 18 52 18 73 36 52 20 36 20 3 3 
21 4 4 34 5 5 34 72 19 53 19 76 37 53 21 37 
54 22 38 22 5 5 35 6 6 35 75 20 54 20 79 38 
21 66 39 55 23 39 23 6 6 36 7 7 36 78 21 55 
65 22 56 22 69 40 56 24 40 24 7 7 37 8 8 37 
9 9 38 68 23 57 23 72 41 57 25 41 25 8 8 38 
9 9 39 10 10 39 71 24 58 24 75 42 58 26 42 26 
27 43 27 10 10 40 11 11 40 74 25 59 25 78 43 59 
65 44 60 28 44 28 11 11 41 12 12 41 77 26 60 26 
27 61 27 68 45 61 29 45 29 12 12 42 13 13 42 80 
14 43 67 28 62 28 71 46 62 30 46 30 13 13 43 14 
14 44 15 15 44 70 29 63 29 74 47 63 31 47 31 14 
48 32 15 15 45 16 16 45 73 30 64 30 77 48 64 32 

The value of m is: 16
The value of p is: 3
The value of len is: {1, 2, 3}
The value of arr is: {8, 2, 0}
The column indices of 1 * 2 tiles are: {3i+11, 3i+15} for 0<=i<=m-1.
33 66 17 33 17 16 16 46 1 1 46 49 31 78 31 49 
65 32 50 34 69 18 34 18 1 1 47 2 2 47 50 32 
48 51 17 68 17 51 35 72 19 35 19 2 2 48 3 3 
33 4 4 33 52 18 71 18 52 36 75 20 36 20 3 3 
21 4 4 34 5 5 34 53 19 74 19 53 37 78 21 37 
65 22 38 22 5 5 35 6 6 35 54 20 77 20 54 38 
21 55 39 68 23 39 23 6 6 36 7 7 36 55 21 80 
56 22 67 22 56 40 71 24 40 24 7 7 37 8 8 37 
9 9 38 57 23 70 23 57 41 74 25 41 25 8 8 38 
9 9 39 10 10 39 58 24 73 24 58 42 77 26 42 26 
27 43 27 10 10 40 11 11 40 59 25 76 25 59 43 80 
60 44 67 28 44 28 11 11 41 12 12 41 60 26 79 26 
27 66 27 61 45 70 29 45 29 12 12 42 13 13 42 61 
14 43 62 28 69 28 62 46 73 30 46 30 13 13 43 14 
14 44 15 15 44 63 29 72 29 63 47 76 31 47 31 14 
48 32 15 15 45 16 16 45 64 30 75 30 64 48 79 32 

The value of m is: 16
The value of p is: 3
The value of len is: {1, 2, 3}
The value of arr is: {8, 0, 4}
The column indices of 1 * 2 tiles are: {3i+1, 3i+13} for 0<=i<=m-1.
17 49 17 68 33 16 16 33 1 1 31 46 31 49 46 80 
50 47 67 18 50 18 71 34 1 1 34 2 2 32 47 32 
17 48 17 51 48 70 19 51 19 74 35 2 2 35 3 3 
36 4 4 18 33 18 52 33 73 20 52 20 77 36 3 3 
37 4 4 37 5 5 19 34 19 53 34 76 21 53 21 80 
54 22 67 38 5 5 38 6 6 20 35 20 54 35 79 22 
36 66 23 55 23 70 39 6 6 39 7 7 21 36 21 55 
37 22 56 37 69 24 56 24 73 40 7 7 40 8 8 22 
9 9 23 38 23 57 38 72 25 57 25 76 41 8 8 41 
9 9 42 10 10 24 39 24 58 39 75 26 58 26 79 42 
27 66 43 10 10 43 11 11 25 40 25 59 40 78 27 59 
65 28 60 28 69 44 11 11 44 12 12 26 41 26 60 41 
27 61 42 68 29 61 29 72 45 12 12 45 13 13 27 42 
14 28 43 28 62 43 71 30 62 30 75 46 13 13 46 14 
14 47 15 15 29 44 29 63 44 74 31 63 31 78 47 14 
65 48 15 15 48 16 16 30 45 30 64 45 77 32 64 32 

The value of m is: 16
The value of p is: 3
The value of len is: {1, 2, 3}
The value of arr is: {8, 0, 4}
The column indices of 1 * 2 tiles are: {3i+3, 3i+13} for 0<=i<=m-1.
17 66 17 49 33 16 16 33 1 1 31 46 31 49 46 80 
50 47 67 18 69 18 50 34 1 1 34 2 2 32 47 32 
17 48 17 51 48 70 19 72 19 51 35 2 2 35 3 3 
36 4 4 18 33 18 52 33 73 20 75 20 52 36 3 3 
37 4 4 37 5 5 19 34 19 53 34 76 21 78 21 53 
65 22 54 38 5 5 38 6 6 20 35 20 54 35 79 22 
36 66 23 68 23 55 39 6 6 39 7 7 21 36 21 55 
37 22 56 37 69 24 71 24 56 40 7 7 40 8 8 22 
9 9 23 38 23 57 38 72 25 74 25 57 41 8 8 41 
9 9 42 10 10 24 39 24 58 39 75 26 77 26 58 42 
27 59 43 10 10 43 11 11 25 40 25 59 40 78 27 80 
65 28 67 28 60 44 11 11 44 12 12 26 41 26 60 41 
27 61 42 68 29 70 29 61 45 12 12 45 13 13 27 42 
14 28 43 28 62 43 71 30 73 30 62 46 13 13 46 14 
14 47 15 15 29 44 29 63 44 74 31 76 31 63 47 14 
64 48 15 15 48 16 16 30 45 30 64 45 77 32 79 32 

The value of m is: 16
The value of p is: 3
The value of len is: {1, 2, 3}
The value of arr is: {8, 0, 4}
The column indices of 1 * 2 tiles are: {3i+3, 3i+15} for 0<=i<=m-1.
17 66 17 49 33 16 16 33 1 1 31 46 31 78 46 49 
65 47 50 18 69 18 50 34 1 1 34 2 2 32 47 32 
17 48 17 68 48 51 19 72 19 51 35 2 2 35 3 3 
36 4 4 18 33 18 71 33 52 20 75 20 52 36 3 3 
37 4 4 37 5 5 19 34 19 74 34 53 21 78 21 53 
65 22 54 38 5 5 38 6 6 20 35 20 77 35 54 22 
36 55 23 68 23 55 39 6 6 39 7 7 21 36 21 80 
37 22 67 37 56 24 71 24 56 40 7 7 40 8 8 22 
9 9 23 38 23 70 38 57 25 74 25 57 41 8 8 41 
9 9 42 10 10 24 39 24 73 39 58 26 77 26 58 42 
27 59 43 10 10 43 11 11 25 40 25 76 40 59 27 80 
60 28 67 28 60 44 11 11 44 12 12 26 41 26 79 41 
27 66 42 61 29 70 29 61 45 12 12 45 13 13 27 42 
14 28 43 28 69 43 62 30 73 30 62 46 13 13 46 14 
14 47 15 15 29 44 29 72 44 63 31 76 31 63 47 14 
64 48 15 15 48 16 16 30 45 30 75 45 64 32 79 32 

The value of m is: 16
The value of p is: 3
The value of len is: {1, 2, 3}
The value of arr is: {4, 12, 0}
The column indices of 1 * 2 tiles are: {3i+9, 3i+13} for 0<=i<=m-1.
33 16 16 33 1 1 31 46 31 49 46 76 17 49 17 80 
50 18 67 34 1 1 34 2 2 32 47 32 50 47 79 18 
48 66 19 51 19 70 35 2 2 35 3 3 17 48 17 51 
33 18 52 33 69 20 52 20 73 36 3 3 36 4 4 18 
5 5 19 34 19 53 34 72 21 53 21 76 37 4 4 37 
5 5 38 6 6 20 35 20 54 35 75 22 54 22 79 38 
23 66 39 6 6 39 7 7 21 36 21 55 36 78 23 55 
65 24 56 24 69 40 7 7 40 8 8 22 37 22 56 37 
23 57 38 68 25 57 25 72 41 8 8 41 9 9 23 38 
10 24 39 24 58 39 71 26 58 26 75 42 9 9 42 10 
10 43 11 11 25 40 25 59 40 74 27 59 27 78 43 10 
65 44 11 11 44 12 12 26 41 26 60 41 77 28 60 28 
29 61 29 68 45 12 12 45 13 13 27 42 27 61 42 80 
62 43 67 30 62 30 71 46 13 13 46 14 14 28 43 28 
29 44 29 63 44 70 31 63 31 74 47 14 14 47 15 15 
48 16 16 30 45 30 64 45 73 32 64 32 77 48 15 15 

The value of m is: 16
The value of p is: 3
The value of len is: {1, 2, 3}
The value of arr is: {4, 12, 0}
The column indices of 1 * 2 tiles are: {3i+9, 3i+15} for 0<=i<=m-1.
33 16 16 33 1 1 31 46 31 49 46 76 17 78 17 49 
65 18 50 34 1 1 34 2 2 32 47 32 50 47 79 18 
48 66 19 68 19 51 35 2 2 35 3 3 17 48 17 51 
33 18 52 33 69 20 71 20 52 36 3 3 36 4 4 18 
5 5 19 34 19 53 34 72 21 74 21 53 37 4 4 37 
5 5 38 6 6 20 35 20 54 35 75 22 77 22 54 38 
23 55 39 6 6 39 7 7 21 36 21 55 36 78 23 80 
65 24 67 24 56 40 7 7 40 8 8 22 37 22 56 37 
23 57 38 68 25 70 25 57 41 8 8 41 9 9 23 38 
10 24 39 24 58 39 71 26 73 26 58 42 9 9 42 10 
10 43 11 11 25 40 25 59 40 74 27 76 27 59 43 10 
60 44 11 11 44 12 12 26 41 26 60 41 77 28 79 28 
29 66 29 61 45 12 12 45 13 13 27 42 27 61 42 80 
62 43 67 30 69 30 62 46 13 13 46 14 14 28 43 28 
29 44 29 63 44 70 31 72 31 63 47 14 14 47 15 15 
48 16 16 30 45 30 64 45 73 32 75 32 64 48 15 15 

The value of m is: 16
The value of p is: 3
The value of len is: {1, 2, 3}
The value of arr is: {4, 12, 0}
The column indices of 1 * 2 tiles are: {3i+11, 3i+15} for 0<=i<=m-1.
33 16 16 33 1 1 31 46 31 74 46 49 17 78 17 49 
65 18 50 34 1 1 34 2 2 32 47 32 77 47 50 18 
48 51 19 68 19 51 35 2 2 35 3 3 17 48 17 80 
33 18 67 33 52 20 71 20 52 36 3 3 36 4 4 18 
5 5 19 34 19 70 34 53 21 74 21 53 37 4 4 37 
5 5 38 6 6 20 35 20 73 35 54 22 77 22 54 38 
23 55 39 6 6 39 7 7 21 36 21 76 36 55 23 80 
56 24 67 24 56 40 7 7 40 8 8 22 37 22 79 37 
23 66 38 57 25 70 25 57 41 8 8 41 9 9 23 38 
10 24 39 24 69 39 58 26 73 26 58 42 9 9 42 10 
10 43 11 11 25 40 25 72 40 59 27 76 27 59 43 10 
60 44 11 11 44 12 12 26 41 26 75 41 60 28 79 28 
29 66 29 61 45 12 12 45 13 13 27 42 27 78 42 61 
65 43 62 30 69 30 62 46 13 13 46 14 14 28 43 28 
29 44 29 68 44 63 31 72 31 63 47 14 14 47 15 15 
48 16 16 30 45 30 71 45 64 32 75 32 64 48 15 15 

The value of m is: 16
The value of p is: 3
The value of len is: {1, 2, 3}
The value of arr is: {6, 0, 14}
The column indices of 1 * 2 tiles are: {3i+9, 3i+13} for 0<=i<=m-1.
17 33 17 16 16 46 1 1 46 49 31 76 31 49 33 80 
50 34 67 18 34 18 1 1 47 2 2 47 50 32 79 32 
17 66 17 51 35 70 19 35 19 2 2 48 3 3 48 51 
4 33 52 18 69 18 52 36 73 20 36 20 3 3 33 4 
4 34 5 5 34 53 19 72 19 53 37 76 21 37 21 4 
38 22 5 5 35 6 6 35 54 20 75 20 54 38 79 22 
39 66 23 39 23 6 6 36 7 7 36 55 21 78 21 55 
65 22 56 40 69 24 40 24 7 7 37 8 8 37 56 22 
38 57 23 68 23 57 41 72 25 41 25 8 8 38 9 9 
39 10 10 39 58 24 71 24 58 42 75 26 42 26 9 9 
27 10 10 40 11 11 40 59 25 74 25 59 43 78 27 43 
65 28 44 28 11 11 41 12 12 41 60 26 77 26 60 44 
27 61 45 68 29 45 29 12 12 42 13 13 42 61 27 80 
62 28 67 28 62 46 71 30 46 30 13 13 43 14 14 43 
15 15 44 63 29 70 29 63 47 74 31 47 31 14 14 44 
15 15 45 16 16 45 64 30 73 30 64 48 77 32 48 32 

The value of m is: 16
The value of p is: 3
The value of len is: {1, 2, 3}
The value of arr is: {6, 0, 14}
The column indices of 1 * 2 tiles are: {3i+9, 3i+15} for 0<=i<=m-1.
17 33 17 16 16 46 1 1 46 49 31 76 31 78 33 49 
65 34 50 18 34 18 1 1 47 2 2 47 50 32 79 32 
17 66 17 68 35 51 19 35 19 2 2 48 3 3 48 51 
4 33 52 18 69 18 71 36 52 20 36 20 3 3 33 4 
4 34 5 5 34 53 19 72 19 74 37 53 21 37 21 4 
38 22 5 5 35 6 6 35 54 20 75 20 77 38 54 22 
39 55 23 39 23 6 6 36 7 7 36 55 21 78 21 80 
65 22 67 40 56 24 40 24 7 7 37 8 8 37 56 22 
38 57 23 68 23 70 41 57 25 41 25 8 8 38 9 9 
39 10 10 39 58 24 71 24 73 42 58 26 42 26 9 9 
27 10 10 40 11 11 40 59 25 74 25 76 43 59 27 43 
60 28 44 28 11 11 41 12 12 41 60 26 77 26 79 44 
27 66 45 61 29 45 29 12 12 42 13 13 42 61 27 80 
62 28 67 28 69 46 62 30 46 30 13 13 43 14 14 43 
15 15 44 63 29 70 29 72 47 63 31 47 31 14 14 44 
15 15 45 16 16 45 64 30 73 30 75 48 64 32 48 32 

The value of m is: 16
The value of p is: 3
The value of len is: {1, 2, 3}
The value of arr is: {6, 0, 14}
The column indices of 1 * 2 tiles are: {3i+11, 3i+15} for 0<=i<=m-1.
17 33 17 16 16 46 1 1 46 74 31 49 31 78 33 49 
65 34 50 18 34 18 1 1 47 2 2 47 77 32 50 32 
17 51 17 68 35 51 19 35 19 2 2 48 3 3 48 80 
4 33 67 18 52 18 71 36 52 20 36 20 3 3 33 4 
4 34 5 5 34 70 19 53 19 74 37 53 21 37 21 4 
38 22 5 5 35 6 6 35 73 20 54 20 77 38 54 22 
39 55 23 39 23 6 6 36 7 7 36 76 21 55 21 80 
56 22 67 40 56 24 40 24 7 7 37 8 8 37 79 22 
38 66 23 57 23 70 41 57 25 41 25 8 8 38 9 9 
39 10 10 39 69 24 58 24 73 42 58 26 42 26 9 9 
27 10 10 40 11 11 40 72 25 59 25 76 43 59 27 43 
60 28 44 28 11 11 41 12 12 41 75 26 60 26 79 44 
27 66 45 61 29 45 29 12 12 42 13 13 42 78 27 61 
65 28 62 28 69 46 62 30 46 30 13 13 43 14 14 43 
15 15 44 68 29 63 29 72 47 63 31 47 31 14 14 44 
15 15 45 16 16 45 71 30 64 30 75 48 64 32 48 32 

The value of m is: 16
The value of p is: 3
The value of len is: {1, 2, 3}
The value of arr is: {0, 10, 8}
The column indices of 1 * 2 tiles are: {3i+3, 3i+7} for 0<=i<=m-1.
1 1 46 49 31 70 31 49 33 74 17 33 17 16 16 46 
1 1 47 2 2 47 50 32 73 32 50 34 77 18 34 18 
19 35 19 2 2 48 3 3 48 51 17 76 17 51 35 80 
52 36 67 20 36 20 3 3 33 4 4 33 52 18 79 18 
19 66 19 53 37 70 21 37 21 4 4 34 5 5 34 53 
6 35 54 20 69 20 54 38 73 22 38 22 5 5 35 6 
6 36 7 7 36 55 21 72 21 55 39 76 23 39 23 6 
40 24 7 7 37 8 8 37 56 22 75 22 56 40 79 24 
41 66 25 41 25 8 8 38 9 9 38 57 23 78 23 57 
65 24 58 42 69 26 42 26 9 9 39 10 10 39 58 24 
40 59 25 68 25 59 43 72 27 43 27 10 10 40 11 11 
41 12 12 41 60 26 71 26 60 44 75 28 44 28 11 11 
29 12 12 42 13 13 42 61 27 74 27 61 45 78 29 45 
65 30 46 30 13 13 43 14 14 43 62 28 77 28 62 46 
29 63 47 68 31 47 31 14 14 44 15 15 44 63 29 80 
64 30 67 30 64 48 71 32 48 32 15 15 45 16 16 45 

The value of m is: 16
The value of p is: 3
The value of len is: {1, 2, 3}
The value of arr is: {0, 10, 8}
The column indices of 1 * 2 tiles are: {3i+3, 3i+9} for 0<=i<=m-1.
1 1 46 49 31 70 31 72 33 49 17 33 17 16 16 46 
1 1 47 2 2 47 50 32 73 32 75 34 50 18 34 18 
19 35 19 2 2 48 3 3 48 51 17 76 17 78 35 51 
65 36 52 20 36 20 3 3 33 4 4 33 52 18 79 18 
19 66 19 68 37 53 21 37 21 4 4 34 5 5 34 53 
6 35 54 20 69 20 71 38 54 22 38 22 5 5 35 6 
6 36 7 7 36 55 21 72 21 74 39 55 23 39 23 6 
40 24 7 7 37 8 8 37 56 22 75 22 77 40 56 24 
41 57 25 41 25 8 8 38 9 9 38 57 23 78 23 80 
65 24 67 42 58 26 42 26 9 9 39 10 10 39 58 24 
40 59 25 68 25 70 43 59 27 43 27 10 10 40 11 11 
41 12 12 41 60 26 71 26 73 44 60 28 44 28 11 11 
29 12 12 42 13 13 42 61 27 74 27 76 45 61 29 45 
62 30 46 30 13 13 43 14 14 43 62 28 77 28 79 46 
29 66 47 63 31 47 31 14 14 44 15 15 44 63 29 80 
64 30 67 30 69 48 64 32 48 32 15 15 45 16 16 45 

The value of m is: 16
The value of p is: 3
The value of len is: {1, 2, 3}
The value of arr is: {0, 10, 8}
The column indices of 1 * 2 tiles are: {3i+5, 3i+9} for 0<=i<=m-1.
1 1 46 68 31 49 31 72 33 49 17 33 17 16 16 46 
1 1 47 2 2 47 71 32 50 32 75 34 50 18 34 18 
19 35 19 2 2 48 3 3 48 74 17 51 17 78 35 51 
65 36 52 20 36 20 3 3 33 4 4 33 77 18 52 18 
19 53 19 68 37 53 21 37 21 4 4 34 5 5 34 80 
6 35 67 20 54 20 71 38 54 22 38 22 5 5 35 6 
6 36 7 7 36 70 21 55 21 74 39 55 23 39 23 6 
40 24 7 7 37 8 8 37 73 22 56 22 77 40 56 24 
41 57 25 41 25 8 8 38 9 9 38 76 23 57 23 80 
58 24 67 42 58 26 42 26 9 9 39 10 10 39 79 24 
40 66 25 59 25 70 43 59 27 43 27 10 10 40 11 11 
41 12 12 41 69 26 60 26 73 44 60 28 44 28 11 11 
29 12 12 42 13 13 42 72 27 61 27 76 45 61 29 45 
62 30 46 30 13 13 43 14 14 43 75 28 62 28 79 46 
29 66 47 63 31 47 31 14 14 44 15 15 44 78 29 63 
65 30 64 30 69 48 64 32 48 32 15 15 45 16 16 45 

The value of m is: 16
The value of p is: 3
The value of len is: {1, 2, 3}
The value of arr is: {0, 8, 12}
The column indices of 1 * 2 tiles are: {3i+5, 3i+9} for 0<=i<=m-1.
1 1 31 46 31 49 46 72 17 49 17 76 33 16 16 33 
1 1 34 2 2 32 47 32 50 47 75 18 50 18 79 34 
19 66 35 2 2 35 3 3 17 48 17 51 48 78 19 51 
65 20 52 20 69 36 3 3 36 4 4 18 33 18 52 33 
19 53 34 68 21 53 21 72 37 4 4 37 5 5 19 34 
6 20 35 20 54 35 71 22 54 22 75 38 5 5 38 6 
6 39 7 7 21 36 21 55 36 74 23 55 23 78 39 6 
65 40 7 7 40 8 8 22 37 22 56 37 77 24 56 24 
25 57 25 68 41 8 8 41 9 9 23 38 23 57 38 80 
58 39 67 26 58 26 71 42 9 9 42 10 10 24 39 24 
25 40 25 59 40 70 27 59 27 74 43 10 10 43 11 11 
44 12 12 26 41 26 60 41 73 28 60 28 77 44 11 11 
45 12 12 45 13 13 27 42 27 61 42 76 29 61 29 80 
62 30 67 46 13 13 46 14 14 28 43 28 62 43 79 30 
44 66 31 63 31 70 47 14 14 47 15 15 29 44 29 63 
45 30 64 45 69 32 64 32 73 48 15 15 48 16 16 30 

The value of m is: 16
The value of p is: 3
The value of len is: {1, 2, 3}
The value of arr is: {0, 8, 12}
The column indices of 1 * 2 tiles are: {3i+5, 3i+11} for 0<=i<=m-1.
1 1 31 46 31 49 46 72 17 74 17 49 33 16 16 33 
1 1 34 2 2 32 47 32 50 47 75 18 77 18 50 34 
19 51 35 2 2 35 3 3 17 48 17 51 48 78 19 80 
65 20 67 20 52 36 3 3 36 4 4 18 33 18 52 33 
19 53 34 68 21 70 21 53 37 4 4 37 5 5 19 34 
6 20 35 20 54 35 71 22 73 22 54 38 5 5 38 6 
6 39 7 7 21 36 21 55 36 74 23 76 23 55 39 6 
56 40 7 7 40 8 8 22 37 22 56 37 77 24 79 24 
25 66 25 57 41 8 8 41 9 9 23 38 23 57 38 80 
58 39 67 26 69 26 58 42 9 9 42 10 10 24 39 24 
25 40 25 59 40 70 27 72 27 59 43 10 10 43 11 11 
44 12 12 26 41 26 60 41 73 28 75 28 60 44 11 11 
45 12 12 45 13 13 27 42 27 61 42 76 29 78 29 61 
65 30 62 46 13 13 46 14 14 28 43 28 62 43 79 30 
44 66 31 68 31 63 47 14 14 47 15 15 29 44 29 63 
45 30 64 45 69 32 71 32 64 48 15 15 48 16 16 30 

The value of m is: 16
The value of p is: 3
The value of len is: {1, 2, 3}
The value of arr is: {0, 8, 12}
The column indices of 1 * 2 tiles are: {3i+7, 3i+11} for 0<=i<=m-1.
1 1 31 46 31 70 46 49 17 74 17 49 33 16 16 33 
1 1 34 2 2 32 47 32 73 47 50 18 77 18 50 34 
19 51 35 2 2 35 3 3 17 48 17 76 48 51 19 80 
52 20 67 20 52 36 3 3 36 4 4 18 33 18 79 33 
19 66 34 53 21 70 21 53 37 4 4 37 5 5 19 34 
6 20 35 20 69 35 54 22 73 22 54 38 5 5 38 6 
6 39 7 7 21 36 21 72 36 55 23 76 23 55 39 6 
56 40 7 7 40 8 8 22 37 22 75 37 56 24 79 24 
25 66 25 57 41 8 8 41 9 9 23 38 23 78 38 57 
65 39 58 26 69 26 58 42 9 9 42 10 10 24 39 24 
25 40 25 68 40 59 27 72 27 59 43 10 10 43 11 11 
44 12 12 26 41 26 71 41 60 28 75 28 60 44 11 11 
45 12 12 45 13 13 27 42 27 74 42 61 29 78 29 61 
65 30 62 46 13 13 46 14 14 28 43 28 77 43 62 30 
44 63 31 68 31 63 47 14 14 47 15 15 29 44 29 80 
45 30 67 45 64 32 71 32 64 48 15 15 48 16 16 30 

The value of m is: 16
The value of p is: 3
The value of len is: {1, 2, 3}
The value of arr is: {9, 3, 1}
The column indices of 1 * 2 tiles are: {3i+0, 3i+12} for 0<=i<=m-1.
49 33 67 17 33 17 16 16 46 1 1 46 49 31 79 31 
32 66 32 50 34 70 18 34 18 1 1 47 2 2 47 50 
3 48 51 17 69 17 51 35 73 19 35 19 2 2 48 3 
3 33 4 4 33 52 18 72 18 52 36 76 20 36 20 3 
37 21 4 4 34 5 5 34 53 19 75 19 53 37 79 21 
38 66 22 38 22 5 5 35 6 6 35 54 20 78 20 54 
65 21 55 39 69 23 39 23 6 6 36 7 7 36 55 21 
37 56 22 68 22 56 40 72 24 40 24 7 7 37 8 8 
38 9 9 38 57 23 71 23 57 41 75 25 41 25 8 8 
26 9 9 39 10 10 39 58 24 74 24 58 42 78 26 42 
65 27 43 27 10 10 40 11 11 40 59 25 77 25 59 43 
26 60 44 68 28 44 28 11 11 41 12 12 41 60 26 80 
61 27 67 27 61 45 71 29 45 29 12 12 42 13 13 42 
14 14 43 62 28 70 28 62 46 74 30 46 30 13 13 43 
14 14 44 15 15 44 63 29 73 29 63 47 77 31 47 31 
32 48 32 15 15 45 16 16 45 64 30 76 30 64 48 80 

The value of m is: 16
The value of p is: 3
The value of len is: {1, 2, 3}
The value of arr is: {9, 3, 1}
The column indices of 1 * 2 tiles are: {3i+2, 3i+12} for 0<=i<=m-1.
65 33 49 17 33 17 16 16 46 1 1 46 49 31 79 31 
32 66 32 68 34 50 18 34 18 1 1 47 2 2 47 50 
3 48 51 17 69 17 71 35 51 19 35 19 2 2 48 3 
3 33 4 4 33 52 18 72 18 74 36 52 20 36 20 3 
37 21 4 4 34 5 5 34 53 19 75 19 77 37 53 21 
38 54 22 38 22 5 5 35 6 6 35 54 20 78 20 80 
65 21 67 39 55 23 39 23 6 6 36 7 7 36 55 21 
37 56 22 68 22 70 40 56 24 40 24 7 7 37 8 8 
38 9 9 38 57 23 71 23 73 41 57 25 41 25 8 8 
26 9 9 39 10 10 39 58 24 74 24 76 42 58 26 42 
59 27 43 27 10 10 40 11 11 40 59 25 77 25 79 43 
26 66 44 60 28 44 28 11 11 41 12 12 41 60 26 80 
61 27 67 27 69 45 61 29 45 29 12 12 42 13 13 42 
14 14 43 62 28 70 28 72 46 62 30 46 30 13 13 43 
14 14 44 15 15 44 63 29 73 29 75 47 63 31 47 31 
32 48 32 15 15 45 16 16 45 64 30 76 30 78 48 64 

The value of m is: 16
The value of p is: 3
The value of len is: {1, 2, 3}
The value of arr is: {9, 3, 1}
The column indices of 1 * 2 tiles are: {3i+2, 3i+14} for 0<=i<=m-1.
65 33 49 17 33 17 16 16 46 1 1 46 77 31 49 31 
32 50 32 68 34 50 18 34 18 1 1 47 2 2 47 80 
3 48 67 17 51 17 71 35 51 19 35 19 2 2 48 3 
3 33 4 4 33 70 18 52 18 74 36 52 20 36 20 3 
37 21 4 4 34 5 5 34 73 19 53 19 77 37 53 21 
38 54 22 38 22 5 5 35 6 6 35 76 20 54 20 80 
55 21 67 39 55 23 39 23 6 6 36 7 7 36 79 21 
37 66 22 56 22 70 40 56 24 40 24 7 7 37 8 8 
38 9 9 38 69 23 57 23 73 41 57 25 41 25 8 8 
26 9 9 39 10 10 39 72 24 58 24 76 42 58 26 42 
59 27 43 27 10 10 40 11 11 40 75 25 59 25 79 43 
26 66 44 60 28 44 28 11 11 41 12 12 41 78 26 60 
65 27 61 27 69 45 61 29 45 29 12 12 42 13 13 42 
14 14 43 68 28 62 28 72 46 62 30 46 30 13 13 43 
14 14 44 15 15 44 71 29 63 29 75 47 63 31 47 31 
32 48 32 15 15 45 16 16 45 74 30 64 30 78 48 64 

The value of m is: 16
The value of p is: 3
The value of len is: {1, 2, 3}
The value of arr is: {9, 1, 5}
The column indices of 1 * 2 tiles are: {3i+0, 3i+4} for 0<=i<=m-1.
49 17 67 17 49 33 16 16 33 1 1 31 46 31 79 46 
32 66 47 50 18 70 18 50 34 1 1 34 2 2 32 47 
3 17 48 17 69 48 51 19 73 19 51 35 2 2 35 3 
3 36 4 4 18 33 18 72 33 52 20 76 20 52 36 3 
53 37 4 4 37 5 5 19 34 19 75 34 53 21 79 21 
22 66 22 54 38 5 5 38 6 6 20 35 20 78 35 54 
65 36 55 23 69 23 55 39 6 6 39 7 7 21 36 21 
22 37 22 68 37 56 24 72 24 56 40 7 7 40 8 8 
41 9 9 23 38 23 71 38 57 25 75 25 57 41 8 8 
42 9 9 42 10 10 24 39 24 74 39 58 26 78 26 58 
65 27 59 43 10 10 43 11 11 25 40 25 77 40 59 27 
41 60 28 68 28 60 44 11 11 44 12 12 26 41 26 80 
42 27 67 42 61 29 71 29 61 45 12 12 45 13 13 27 
14 14 28 43 28 70 43 62 30 74 30 62 46 13 13 46 
14 14 47 15 15 29 44 29 73 44 63 31 77 31 63 47 
32 64 48 15 15 48 16 16 30 45 30 76 45 64 32 80 

The value of m is: 16
The value of p is: 3
The value of len is: {1, 2, 3}
The value of arr is: {9, 1, 5}
The column indices of 1 * 2 tiles are: {3i+2, 3i+14} for 0<=i<=m-1.
65 17 49 17 69 33 16 16 33 1 1 31 46 31 49 46 
32 50 47 68 18 50 18 72 34 1 1 34 2 2 32 47 
3 17 48 17 51 48 71 19 51 19 75 35 2 2 35 3 
3 36 4 4 18 33 18 52 33 74 20 52 20 78 36 3 
65 37 4 4 37 5 5 19 34 19 53 34 77 21 53 21 
22 54 22 68 38 5 5 38 6 6 20 35 20 54 35 80 
55 36 67 23 55 23 71 39 6 6 39 7 7 21 36 21 
22 37 22 56 37 70 24 56 24 74 40 7 7 40 8 8 
41 9 9 23 38 23 57 38 73 25 57 25 77 41 8 8 
42 9 9 42 10 10 24 39 24 58 39 76 26 58 26 80 
59 27 67 43 10 10 43 11 11 25 40 25 59 40 79 27 
41 66 28 60 28 70 44 11 11 44 12 12 26 41 26 60 
42 27 61 42 69 29 61 29 73 45 12 12 45 13 13 27 
14 14 28 43 28 62 43 72 30 62 30 76 46 13 13 46 
14 14 47 15 15 29 44 29 63 44 75 31 63 31 79 47 
32 66 48 15 15 48 16 16 30 45 30 64 45 78 32 64 

The value of m is: 16
The value of p is: 3
The value of len is: {1, 2, 3}
The value of arr is: {9, 1, 5}
The column indices of 1 * 2 tiles are: {3i+4, 3i+14} for 0<=i<=m-1.
65 17 67 17 49 33 16 16 33 1 1 31 46 31 49 46 
32 50 47 68 18 70 18 50 34 1 1 34 2 2 32 47 
3 17 48 17 51 48 71 19 73 19 51 35 2 2 35 3 
3 36 4 4 18 33 18 52 33 74 20 76 20 52 36 3 
53 37 4 4 37 5 5 19 34 19 53 34 77 21 79 21 
22 66 22 54 38 5 5 38 6 6 20 35 20 54 35 80 
55 36 67 23 69 23 55 39 6 6 39 7 7 21 36 21 
22 37 22 56 37 70 24 72 24 56 40 7 7 40 8 8 
41 9 9 23 38 23 57 38 73 25 75 25 57 41 8 8 
42 9 9 42 10 10 24 39 24 58 39 76 26 78 26 58 
65 27 59 43 10 10 43 11 11 25 40 25 59 40 79 27 
41 66 28 68 28 60 44 11 11 44 12 12 26 41 26 60 
42 27 61 42 69 29 71 29 61 45 12 12 45 13 13 27 
14 14 28 43 28 62 43 72 30 74 30 62 46 13 13 46 
14 14 47 15 15 29 44 29 63 44 75 31 77 31 63 47 
32 64 48 15 15 48 16 16 30 45 30 64 45 78 32 80 

The value of m is: 16
The value of p is: 3
The value of len is: {1, 2, 3}
The value of arr is: {5, 13, 1}
The column indices of 1 * 2 tiles are: {3i+0, 3i+10} for 0<=i<=m-1.
49 33 16 16 33 1 1 31 46 31 49 46 77 17 79 17 
18 66 18 50 34 1 1 34 2 2 32 47 32 50 47 80 
51 48 67 19 69 19 51 35 2 2 35 3 3 17 48 17 
18 33 18 52 33 70 20 72 20 52 36 3 3 36 4 4 
37 5 5 19 34 19 53 34 73 21 75 21 53 37 4 4 
38 5 5 38 6 6 20 35 20 54 35 76 22 78 22 54 
65 23 55 39 6 6 39 7 7 21 36 21 55 36 79 23 
37 66 24 68 24 56 40 7 7 40 8 8 22 37 22 56 
38 23 57 38 69 25 71 25 57 41 8 8 41 9 9 23 
10 10 24 39 24 58 39 72 26 74 26 58 42 9 9 42 
10 10 43 11 11 25 40 25 59 40 75 27 77 27 59 43 
28 60 44 11 11 44 12 12 26 41 26 60 41 78 28 80 
65 29 67 29 61 45 12 12 45 13 13 27 42 27 61 42 
28 62 43 68 30 70 30 62 46 13 13 46 14 14 28 43 
15 29 44 29 63 44 71 31 73 31 63 47 14 14 47 15 
15 48 16 16 30 45 30 64 45 74 32 76 32 64 48 15 

The value of m is: 16
The value of p is: 3
The value of len is: {1, 2, 3}
The value of arr is: {5, 13, 1}
The column indices of 1 * 2 tiles are: {3i+0, 3i+12} for 0<=i<=m-1.
49 33 16 16 33 1 1 31 46 31 75 46 49 17 79 17 
18 66 18 50 34 1 1 34 2 2 32 47 32 78 47 50 
65 48 51 19 69 19 51 35 2 2 35 3 3 17 48 17 
18 33 18 68 33 52 20 72 20 52 36 3 3 36 4 4 
37 5 5 19 34 19 71 34 53 21 75 21 53 37 4 4 
38 5 5 38 6 6 20 35 20 74 35 54 22 78 22 54 
65 23 55 39 6 6 39 7 7 21 36 21 77 36 55 23 
37 56 24 68 24 56 40 7 7 40 8 8 22 37 22 80 
38 23 67 38 57 25 71 25 57 41 8 8 41 9 9 23 
10 10 24 39 24 70 39 58 26 74 26 58 42 9 9 42 
10 10 43 11 11 25 40 25 73 40 59 27 77 27 59 43 
28 60 44 11 11 44 12 12 26 41 26 76 41 60 28 80 
61 29 67 29 61 45 12 12 45 13 13 27 42 27 79 42 
28 66 43 62 30 70 30 62 46 13 13 46 14 14 28 43 
15 29 44 29 69 44 63 31 73 31 63 47 14 14 47 15 
15 48 16 16 30 45 30 72 45 64 32 76 32 64 48 15 

The value of m is: 16
The value of p is: 3
The value of len is: {1, 2, 3}
The value of arr is: {5, 13, 1}
The column indices of 1 * 2 tiles are: {3i+10, 3i+14} for 0<=i<=m-1.
65 33 16 16 33 1 1 31 46 31 49 46 77 17 49 17 
18 50 18 68 34 1 1 34 2 2 32 47 32 50 47 80 
51 48 67 19 51 19 71 35 2 2 35 3 3 17 48 17 
18 33 18 52 33 70 20 52 20 74 36 3 3 36 4 4 
37 5 5 19 34 19 53 34 73 21 53 21 77 37 4 4 
38 5 5 38 6 6 20 35 20 54 35 76 22 54 22 80 
55 23 67 39 6 6 39 7 7 21 36 21 55 36 79 23 
37 66 24 56 24 70 40 7 7 40 8 8 22 37 22 56 
38 23 57 38 69 25 57 25 73 41 8 8 41 9 9 23 
10 10 24 39 24 58 39 72 26 58 26 76 42 9 9 42 
10 10 43 11 11 25 40 25 59 40 75 27 59 27 79 43 
28 66 44 11 11 44 12 12 26 41 26 60 41 78 28 60 
65 29 61 29 69 45 12 12 45 13 13 27 42 27 61 42 
28 62 43 68 30 62 30 72 46 13 13 46 14 14 28 43 
15 29 44 29 63 44 71 31 63 31 75 47 14 14 47 15 
15 48 16 16 30 45 30 64 45 74 32 64 32 78 48 15 

The value of m is: 16
The value of p is: 3
The value of len is: {1, 2, 3}
The value of arr is: {7, 1, 15}
The column indices of 1 * 2 tiles are: {3i+0, 3i+10} for 0<=i<=m-1.
49 17 33 17 16 16 46 1 1 46 49 31 77 31 79 33 
32 66 34 50 18 34 18 1 1 47 2 2 47 50 32 80 
51 17 67 17 69 35 51 19 35 19 2 2 48 3 3 48 
4 4 33 52 18 70 18 72 36 52 20 36 20 3 3 33 
4 4 34 5 5 34 53 19 73 19 75 37 53 21 37 21 
22 38 22 5 5 35 6 6 35 54 20 76 20 78 38 54 
65 39 55 23 39 23 6 6 36 7 7 36 55 21 79 21 
22 66 22 68 40 56 24 40 24 7 7 37 8 8 37 56 
9 38 57 23 69 23 71 41 57 25 41 25 8 8 38 9 
9 39 10 10 39 58 24 72 24 74 42 58 26 42 26 9 
43 27 10 10 40 11 11 40 59 25 75 25 77 43 59 27 
44 60 28 44 28 11 11 41 12 12 41 60 26 78 26 80 
65 27 67 45 61 29 45 29 12 12 42 13 13 42 61 27 
43 62 28 68 28 70 46 62 30 46 30 13 13 43 14 14 
44 15 15 44 63 29 71 29 73 47 63 31 47 31 14 14 
32 15 15 45 16 16 45 64 30 74 30 76 48 64 32 48 

The value of m is: 16
The value of p is: 3
The value of len is: {1, 2, 3}
The value of arr is: {7, 1, 15}
The column indices of 1 * 2 tiles are: {3i+0, 3i+12} for 0<=i<=m-1.
49 17 33 17 16 16 46 1 1 46 75 31 49 31 79 33 
32 66 34 50 18 34 18 1 1 47 2 2 47 78 32 50 
65 17 51 17 69 35 51 19 35 19 2 2 48 3 3 48 
4 4 33 68 18 52 18 72 36 52 20 36 20 3 3 33 
4 4 34 5 5 34 71 19 53 19 75 37 53 21 37 21 
22 38 22 5 5 35 6 6 35 74 20 54 20 78 38 54 
65 39 55 23 39 23 6 6 36 7 7 36 77 21 55 21 
22 56 22 68 40 56 24 40 24 7 7 37 8 8 37 80 
9 38 67 23 57 23 71 41 57 25 41 25 8 8 38 9 
9 39 10 10 39 70 24 58 24 74 42 58 26 42 26 9 
43 27 10 10 40 11 11 40 73 25 59 25 77 43 59 27 
44 60 28 44 28 11 11 41 12 12 41 76 26 60 26 80 
61 27 67 45 61 29 45 29 12 12 42 13 13 42 79 27 
43 66 28 62 28 70 46 62 30 46 30 13 13 43 14 14 
44 15 15 44 69 29 63 29 73 47 63 31 47 31 14 14 
32 15 15 45 16 16 45 72 30 64 30 76 48 64 32 48 

The value of m is: 16
The value of p is: 3
The value of len is: {1, 2, 3}
The value of arr is: {7, 1, 15}
The column indices of 1 * 2 tiles are: {3i+10, 3i+14} for 0<=i<=m-1.
65 17 33 17 16 16 46 1 1 46 49 31 77 31 49 33 
32 50 34 68 18 34 18 1 1 47 2 2 47 50 32 80 
51 17 67 17 51 35 71 19 35 19 2 2 48 3 3 48 
4 4 33 52 18 70 18 52 36 74 20 36 20 3 3 33 
4 4 34 5 5 34 53 19 73 19 53 37 77 21 37 21 
22 38 22 5 5 35 6 6 35 54 20 76 20 54 38 80 
55 39 67 23 39 23 6 6 36 7 7 36 55 21 79 21 
22 66 22 56 40 70 24 40 24 7 7 37 8 8 37 56 
9 38 57 23 69 23 57 41 73 25 41 25 8 8 38 9 
9 39 10 10 39 58 24 72 24 58 42 76 26 42 26 9 
43 27 10 10 40 11 11 40 59 25 75 25 59 43 79 27 
44 66 28 44 28 11 11 41 12 12 41 60 26 78 26 60 
65 27 61 45 69 29 45 29 12 12 42 13 13 42 61 27 
43 62 28 68 28 62 46 72 30 46 30 13 13 43 14 14 
44 15 15 44 63 29 71 29 63 47 75 31 47 31 14 14 
32 15 15 45 16 16 45 64 30 74 30 64 48 78 32 48 

The value of m is: 16
The value of p is: 3
The value of len is: {1, 2, 3}
The value of arr is: {1, 11, 9}
The column indices of 1 * 2 tiles are: {3i+4, 3i+8} for 0<=i<=m-1.
46 1 1 46 49 31 71 31 49 33 75 17 33 17 16 16 
18 1 1 47 2 2 47 50 32 74 32 50 34 78 18 34 
65 19 35 19 2 2 48 3 3 48 51 17 77 17 51 35 
18 52 36 68 20 36 20 3 3 33 4 4 33 52 18 80 
53 19 67 19 53 37 71 21 37 21 4 4 34 5 5 34 
6 6 35 54 20 70 20 54 38 74 22 38 22 5 5 35 
6 6 36 7 7 36 55 21 73 21 55 39 77 23 39 23 
24 40 24 7 7 37 8 8 37 56 22 76 22 56 40 80 
57 41 67 25 41 25 8 8 38 9 9 38 57 23 79 23 
24 66 24 58 42 70 26 42 26 9 9 39 10 10 39 58 
11 40 59 25 69 25 59 43 73 27 43 27 10 10 40 11 
11 41 12 12 41 60 26 72 26 60 44 76 28 44 28 11 
45 29 12 12 42 13 13 42 61 27 75 27 61 45 79 29 
46 66 30 46 30 13 13 43 14 14 43 62 28 78 28 62 
65 29 63 47 69 31 47 31 14 14 44 15 15 44 63 29 
45 64 30 68 30 64 48 72 32 48 32 15 15 45 16 16 

The value of m is: 16
The value of p is: 3
The value of len is: {1, 2, 3}
The value of arr is: {1, 11, 9}
The column indices of 1 * 2 tiles are: {3i+4, 3i+10} for 0<=i<=m-1.
46 1 1 46 49 31 71 31 73 33 49 17 33 17 16 16 
18 1 1 47 2 2 47 50 32 74 32 76 34 50 18 34 
51 19 35 19 2 2 48 3 3 48 51 17 77 17 79 35 
18 66 36 52 20 36 20 3 3 33 4 4 33 52 18 80 
53 19 67 19 69 37 53 21 37 21 4 4 34 5 5 34 
6 6 35 54 20 70 20 72 38 54 22 38 22 5 5 35 
6 6 36 7 7 36 55 21 73 21 75 39 55 23 39 23 
24 40 24 7 7 37 8 8 37 56 22 76 22 78 40 56 
65 41 57 25 41 25 8 8 38 9 9 38 57 23 79 23 
24 66 24 68 42 58 26 42 26 9 9 39 10 10 39 58 
11 40 59 25 69 25 71 43 59 27 43 27 10 10 40 11 
11 41 12 12 41 60 26 72 26 74 44 60 28 44 28 11 
45 29 12 12 42 13 13 42 61 27 75 27 77 45 61 29 
46 62 30 46 30 13 13 43 14 14 43 62 28 78 28 80 
65 29 67 47 63 31 47 31 14 14 44 15 15 44 63 29 
45 64 30 68 30 70 48 64 32 48 32 15 15 45 16 16 

The value of m is: 16
The value of p is: 3
The value of len is: {1, 2, 3}
The value of arr is: {1, 11, 9}
The column indices of 1 * 2 tiles are: {3i+6, 3i+10} for 0<=i<=m-1.
46 1 1 46 69 31 49 31 73 33 49 17 33 17 16 16 
18 1 1 47 2 2 47 72 32 50 32 76 34 50 18 34 
51 19 35 19 2 2 48 3 3 48 75 17 51 17 79 35 
18 66 36 52 20 36 20 3 3 33 4 4 33 78 18 52 
65 19 53 19 69 37 53 21 37 21 4 4 34 5 5 34 
6 6 35 68 20 54 20 72 38 54 22 38 22 5 5 35 
6 6 36 7 7 36 71 21 55 21 75 39 55 23 39 23 
24 40 24 7 7 37 8 8 37 74 22 56 22 78 40 56 
65 41 57 25 41 25 8 8 38 9 9 38 77 23 57 23 
24 58 24 68 42 58 26 42 26 9 9 39 10 10 39 80 
11 40 67 25 59 25 71 43 59 27 43 27 10 10 40 11 
11 41 12 12 41 70 26 60 26 74 44 60 28 44 28 11 
45 29 12 12 42 13 13 42 73 27 61 27 77 45 61 29 
46 62 30 46 30 13 13 43 14 14 43 76 28 62 28 80 
63 29 67 47 63 31 47 31 14 14 44 15 15 44 79 29 
45 66 30 64 30 70 48 64 32 48 32 15 15 45 16 16 

The value of m is: 16
The value of p is: 3
The value of len is: {1, 2, 3}
The value of arr is: {1, 9, 13}
The column indices of 1 * 2 tiles are: {3i+6, 3i+10} for 0<=i<=m-1.
33 1 1 31 46 31 49 46 73 17 49 17 77 33 16 16 
34 1 1 34 2 2 32 47 32 50 47 76 18 50 18 80 
51 19 67 35 2 2 35 3 3 17 48 17 51 48 79 19 
33 66 20 52 20 70 36 3 3 36 4 4 18 33 18 52 
34 19 53 34 69 21 53 21 73 37 4 4 37 5 5 19 
6 6 20 35 20 54 35 72 22 54 22 76 38 5 5 38 
6 6 39 7 7 21 36 21 55 36 75 23 55 23 79 39 
24 66 40 7 7 40 8 8 22 37 22 56 37 78 24 56 
65 25 57 25 69 41 8 8 41 9 9 23 38 23 57 38 
24 58 39 68 26 58 26 72 42 9 9 42 10 10 24 39 
11 25 40 25 59 40 71 27 59 27 75 43 10 10 43 11 
11 44 12 12 26 41 26 60 41 74 28 60 28 78 44 11 
65 45 12 12 45 13 13 27 42 27 61 42 77 29 61 29 
30 62 30 68 46 13 13 46 14 14 28 43 28 62 43 80 
63 44 67 31 63 31 71 47 14 14 47 15 15 29 44 29 
30 45 30 64 45 70 32 64 32 74 48 15 15 48 16 16 

The value of m is: 16
The value of p is: 3
The value of len is: {1, 2, 3}
The value of arr is: {1, 9, 13}
The column indices of 1 * 2 tiles are: {3i+6, 3i+12} for 0<=i<=m-1.
33 1 1 31 46 31 49 46 73 17 75 17 49 33 16 16 
34 1 1 34 2 2 32 47 32 50 47 76 18 78 18 50 
65 19 51 35 2 2 35 3 3 17 48 17 51 48 79 19 
33 66 20 68 20 52 36 3 3 36 4 4 18 33 18 52 
34 19 53 34 69 21 71 21 53 37 4 4 37 5 5 19 
6 6 20 35 20 54 35 72 22 74 22 54 38 5 5 38 
6 6 39 7 7 21 36 21 55 36 75 23 77 23 55 39 
24 56 40 7 7 40 8 8 22 37 22 56 37 78 24 80 
65 25 67 25 57 41 8 8 41 9 9 23 38 23 57 38 
24 58 39 68 26 70 26 58 42 9 9 42 10 10 24 39 
11 25 40 25 59 40 71 27 73 27 59 43 10 10 43 11 
11 44 12 12 26 41 26 60 41 74 28 76 28 60 44 11 
61 45 12 12 45 13 13 27 42 27 61 42 77 29 79 29 
30 66 30 62 46 13 13 46 14 14 28 43 28 62 43 80 
63 44 67 31 69 31 63 47 14 14 47 15 15 29 44 29 
30 45 30 64 45 70 32 72 32 64 48 15 15 48 16 16 

The value of m is: 16
The value of p is: 3
The value of len is: {1, 2, 3}
The value of arr is: {1, 9, 13}
The column indices of 1 * 2 tiles are: {3i+8, 3i+12} for 0<=i<=m-1.
33 1 1 31 46 31 71 46 49 17 75 17 49 33 16 16 
34 1 1 34 2 2 32 47 32 74 47 50 18 78 18 50 
65 19 51 35 2 2 35 3 3 17 48 17 77 48 51 19 
33 52 20 68 20 52 36 3 3 36 4 4 18 33 18 80 
34 19 67 34 53 21 71 21 53 37 4 4 37 5 5 19 
6 6 20 35 20 70 35 54 22 74 22 54 38 5 5 38 
6 6 39 7 7 21 36 21 73 36 55 23 77 23 55 39 
24 56 40 7 7 40 8 8 22 37 22 76 37 56 24 80 
57 25 67 25 57 41 8 8 41 9 9 23 38 23 79 38 
24 66 39 58 26 70 26 58 42 9 9 42 10 10 24 39 
11 25 40 25 69 40 59 27 73 27 59 43 10 10 43 11 
11 44 12 12 26 41 26 72 41 60 28 76 28 60 44 11 
61 45 12 12 45 13 13 27 42 27 75 42 61 29 79 29 
30 66 30 62 46 13 13 46 14 14 28 43 28 78 43 62 
65 44 63 31 69 31 63 47 14 14 47 15 15 29 44 29 
30 45 30 68 45 64 32 72 32 64 48 15 15 48 16 16 

The value of m is: 16
The value of p is: 3
The value of len is: {1, 2, 3}
The value of arr is: {10, 4, 2}
The column indices of 1 * 2 tiles are: {3i+1, 3i+13} for 0<=i<=m-1.
31 49 33 68 17 33 17 16 16 46 1 1 46 49 31 80 
50 32 67 32 50 34 71 18 34 18 1 1 47 2 2 47 
3 3 48 51 17 70 17 51 35 74 19 35 19 2 2 48 
3 3 33 4 4 33 52 18 73 18 52 36 77 20 36 20 
21 37 21 4 4 34 5 5 34 53 19 76 19 53 37 80 
54 38 67 22 38 22 5 5 35 6 6 35 54 20 79 20 
21 66 21 55 39 70 23 39 23 6 6 36 7 7 36 55 
8 37 56 22 69 22 56 40 73 24 40 24 7 7 37 8 
8 38 9 9 38 57 23 72 23 57 41 76 25 41 25 8 
42 26 9 9 39 10 10 39 58 24 75 24 58 42 79 26 
43 66 27 43 27 10 10 40 11 11 40 59 25 78 25 59 
65 26 60 44 69 28 44 28 11 11 41 12 12 41 60 26 
42 61 27 68 27 61 45 72 29 45 29 12 12 42 13 13 
43 14 14 43 62 28 71 28 62 46 75 30 46 30 13 13 
31 14 14 44 15 15 44 63 29 74 29 63 47 78 31 47 
65 32 48 32 15 15 45 16 16 45 64 30 77 30 64 48 

The value of m is: 16
The value of p is: 3
The value of len is: {1, 2, 3}
The value of arr is: {10, 4, 2}
The column indices of 1 * 2 tiles are: {3i+3, 3i+13} for 0<=i<=m-1.
31 66 33 49 17 33 17 16 16 46 1 1 46 49 31 80 
50 32 67 32 69 34 50 18 34 18 1 1 47 2 2 47 
3 3 48 51 17 70 17 72 35 51 19 35 19 2 2 48 
3 3 33 4 4 33 52 18 73 18 75 36 52 20 36 20 
21 37 21 4 4 34 5 5 34 53 19 76 19 78 37 53 
65 38 54 22 38 22 5 5 35 6 6 35 54 20 79 20 
21 66 21 68 39 55 23 39 23 6 6 36 7 7 36 55 
8 37 56 22 69 22 71 40 56 24 40 24 7 7 37 8 
8 38 9 9 38 57 23 72 23 74 41 57 25 41 25 8 
42 26 9 9 39 10 10 39 58 24 75 24 77 42 58 26 
43 59 27 43 27 10 10 40 11 11 40 59 25 78 25 80 
65 26 67 44 60 28 44 28 11 11 41 12 12 41 60 26 
42 61 27 68 27 70 45 61 29 45 29 12 12 42 13 13 
43 14 14 43 62 28 71 28 73 46 62 30 46 30 13 13 
31 14 14 44 15 15 44 63 29 74 29 76 47 63 31 47 
64 32 48 32 15 15 45 16 16 45 64 30 77 30 79 48 

The value of m is: 16
The value of p is: 3
The value of len is: {1, 2, 3}
The value of arr is: {10, 4, 2}
The column indices of 1 * 2 tiles are: {3i+3, 3i+15} for 0<=i<=m-1.
31 66 33 49 17 33 17 16 16 46 1 1 46 78 31 49 
65 32 50 32 69 34 50 18 34 18 1 1 47 2 2 47 
3 3 48 68 17 51 17 72 35 51 19 35 19 2 2 48 
3 3 33 4 4 33 71 18 52 18 75 36 52 20 36 20 
21 37 21 4 4 34 5 5 34 74 19 53 19 78 37 53 
65 38 54 22 38 22 5 5 35 6 6 35 77 20 54 20 
21 55 21 68 39 55 23 39 23 6 6 36 7 7 36 80 
8 37 67 22 56 22 71 40 56 24 40 24 7 7 37 8 
8 38 9 9 38 70 23 57 23 74 41 57 25 41 25 8 
42 26 9 9 39 10 10 39 73 24 58 24 77 42 58 26 
43 59 27 43 27 10 10 40 11 11 40 76 25 59 25 80 
60 26 67 44 60 28 44 28 11 11 41 12 12 41 79 26 
42 66 27 61 27 70 45 61 29 45 29 12 12 42 13 13 
43 14 14 43 69 28 62 28 73 46 62 30 46 30 13 13 
31 14 14 44 15 15 44 72 29 63 29 76 47 63 31 47 
64 32 48 32 15 15 45 16 16 45 75 30 64 30 79 48 

The value of m is: 16
The value of p is: 3
The value of len is: {1, 2, 3}
The value of arr is: {10, 2, 6}
The column indices of 1 * 2 tiles are: {3i+1, 3i+5} for 0<=i<=m-1.
46 49 17 68 17 49 33 16 16 33 1 1 31 46 31 80 
47 32 67 47 50 18 71 18 50 34 1 1 34 2 2 32 
3 3 17 48 17 70 48 51 19 74 19 51 35 2 2 35 
3 3 36 4 4 18 33 18 73 33 52 20 77 20 52 36 
21 53 37 4 4 37 5 5 19 34 19 76 34 53 21 80 
54 22 67 22 54 38 5 5 38 6 6 20 35 20 79 35 
21 66 36 55 23 70 23 55 39 6 6 39 7 7 21 36 
8 22 37 22 69 37 56 24 73 24 56 40 7 7 40 8 
8 41 9 9 23 38 23 72 38 57 25 76 25 57 41 8 
58 42 9 9 42 10 10 24 39 24 75 39 58 26 79 26 
27 66 27 59 43 10 10 43 11 11 25 40 25 78 40 59 
65 41 60 28 69 28 60 44 11 11 44 12 12 26 41 26 
27 42 27 68 42 61 29 72 29 61 45 12 12 45 13 13 
46 14 14 28 43 28 71 43 62 30 75 30 62 46 13 13 
47 14 14 47 15 15 29 44 29 74 44 63 31 78 31 63 
65 32 64 48 15 15 48 16 16 30 45 30 77 45 64 32 

The value of m is: 16
The value of p is: 3
The value of len is: {1, 2, 3}
The value of arr is: {10, 2, 6}
The column indices of 1 * 2 tiles are: {3i+3, 3i+15} for 0<=i<=m-1.
46 66 17 49 17 70 33 16 16 33 1 1 31 46 31 49 
47 32 50 47 69 18 50 18 73 34 1 1 34 2 2 32 
3 3 17 48 17 51 48 72 19 51 19 76 35 2 2 35 
3 3 36 4 4 18 33 18 52 33 75 20 52 20 79 36 
21 66 37 4 4 37 5 5 19 34 19 53 34 78 21 53 
65 22 54 22 69 38 5 5 38 6 6 20 35 20 54 35 
21 55 36 68 23 55 23 72 39 6 6 39 7 7 21 36 
8 22 37 22 56 37 71 24 56 24 75 40 7 7 40 8 
8 41 9 9 23 38 23 57 38 74 25 57 25 78 41 8 
65 42 9 9 42 10 10 24 39 24 58 39 77 26 58 26 
27 59 27 68 43 10 10 43 11 11 25 40 25 59 40 80 
60 41 67 28 60 28 71 44 11 11 44 12 12 26 41 26 
27 42 27 61 42 70 29 61 29 74 45 12 12 45 13 13 
46 14 14 28 43 28 62 43 73 30 62 30 77 46 13 13 
47 14 14 47 15 15 29 44 29 63 44 76 31 63 31 80 
64 32 67 48 15 15 48 16 16 30 45 30 64 45 79 32 

The value of m is: 16
The value of p is: 3
The value of len is: {1, 2, 3}
The value of arr is: {10, 2, 6}
The column indices of 1 * 2 tiles are: {3i+5, 3i+15} for 0<=i<=m-1.
46 66 17 68 17 49 33 16 16 33 1 1 31 46 31 49 
47 32 50 47 69 18 71 18 50 34 1 1 34 2 2 32 
3 3 17 48 17 51 48 72 19 74 19 51 35 2 2 35 
3 3 36 4 4 18 33 18 52 33 75 20 77 20 52 36 
21 53 37 4 4 37 5 5 19 34 19 53 34 78 21 80 
65 22 67 22 54 38 5 5 38 6 6 20 35 20 54 35 
21 55 36 68 23 70 23 55 39 6 6 39 7 7 21 36 
8 22 37 22 56 37 71 24 73 24 56 40 7 7 40 8 
8 41 9 9 23 38 23 57 38 74 25 76 25 57 41 8 
58 42 9 9 42 10 10 24 39 24 58 39 77 26 79 26 
27 66 27 59 43 10 10 43 11 11 25 40 25 59 40 80 
60 41 67 28 69 28 60 44 11 11 44 12 12 26 41 26 
27 42 27 61 42 70 29 72 29 61 45 12 12 45 13 13 
46 14 14 28 43 28 62 43 73 30 75 30 62 46 13 13 
47 14 14 47 15 15 29 44 29 63 44 76 31 78 31 63 
65 32 64 48 15 15 48 16 16 30 45 30 64 45 79 32 

The value of m is: 16
The value of p is: 3
The value of len is: {1, 2, 3}
The value of arr is: {6, 14, 2}
The column indices of 1 * 2 tiles are: {3i+1, 3i+11} for 0<=i<=m-1.
17 49 33 16 16 33 1 1 31 46 31 49 46 78 17 80 
65 18 67 18 50 34 1 1 34 2 2 32 47 32 50 47 
17 51 48 68 19 70 19 51 35 2 2 35 3 3 17 48 
4 18 33 18 52 33 71 20 73 20 52 36 3 3 36 4 
4 37 5 5 19 34 19 53 34 74 21 76 21 53 37 4 
54 38 5 5 38 6 6 20 35 20 54 35 77 22 79 22 
23 66 23 55 39 6 6 39 7 7 21 36 21 55 36 80 
56 37 67 24 69 24 56 40 7 7 40 8 8 22 37 22 
23 38 23 57 38 70 25 72 25 57 41 8 8 41 9 9 
42 10 10 24 39 24 58 39 73 26 75 26 58 42 9 9 
43 10 10 43 11 11 25 40 25 59 40 76 27 78 27 59 
65 28 60 44 11 11 44 12 12 26 41 26 60 41 79 28 
42 66 29 68 29 61 45 12 12 45 13 13 27 42 27 61 
43 28 62 43 69 30 71 30 62 46 13 13 46 14 14 28 
15 15 29 44 29 63 44 72 31 74 31 63 47 14 14 47 
15 15 48 16 16 30 45 30 64 45 75 32 77 32 64 48 

The value of m is: 16
The value of p is: 3
The value of len is: {1, 2, 3}
The value of arr is: {6, 14, 2}
The column indices of 1 * 2 tiles are: {3i+1, 3i+13} for 0<=i<=m-1.
17 49 33 16 16 33 1 1 31 46 31 76 46 49 17 80 
50 18 67 18 50 34 1 1 34 2 2 32 47 32 79 47 
17 66 48 51 19 70 19 51 35 2 2 35 3 3 17 48 
